0 0,707106781186547 -0,707106781186547
-0,676053417 2,373662337 2,5 2,426461588 2,373662337 2,5 0,905123357 0,852324106 0,978661769 0,872475879 0,82513304 0,951470704
-0,707106781186547 0 -0,707106781186547
-2,626337671 -2,366623056 2,5 -2,626337671 0,546335332 2,5 -1,169858477 -0,910143862 1,043520806
0 0 1
-2,626337671 -2,366623056 2,5 -2,426461588 -2,373662337 2,5 0,676053418 -2,373662337 2,5 0,875620659 -2,360512564 2,5 1,072844989 -2,327307767 2,5 1,265716271 -2,274386373 2,5 1,452268662 -2,202287781 2,5 1,630600752 -2,11174685 2,5 1,798894935 -2,003686397 2,5 1,955560352 -1,879364375 2,5 2,099031553 -1,74002305 2,5 2,227875098 -1,587054604 2,5 2,340803578 -1,421987503 2,5 2,436688698 -1,246470967 2,5 2,514572361 -1,062258782 2,5 2,573676405 -0,871191477 2,5 2,613410266 -0,675178187 2,5 2,626337671 -0,546335332 2,5 2,626337671 2,366623056 2,5 2,426461588 2,373662337 2,5 -0,676053417 2,373662337 2,5 -0,87562066 2,360512564 2,5 -1,072844992 2,327307767 2,5 -1,265716269 2,274386374 2,5 -1,452268654 2,202287784 2,5 -1,630600744 2,111746853 2,5 -1,798894949 2,003686386 2,5 -1,955560363 1,879364367 2,5 -2,099031547 1,740023058 2,5 -2,227875094 1,587054609 2,5 -2,340803588 1,421987488 2,5 -2,436688691 1,246470985 2,5 -2,514572358 1,062258789 2,5 -2,573676404 0,871191475 2,5 -2,613410266 0,675178179 2,5 -2,626337671 0,546335332 2,5
0,707106781186547 0 -0,707106781186547
2,626337671 -0,546335332 2,5 1,169858477 0,910143862 1,043520806 2,626337671 2,366623056 2,5
0 -0,707106781186547 -0,707106781186547
0,676053418 -2,373662337 2,5 -2,426461588 -2,373662337 2,5 -0,905123358 -0,852324107 0,97866177 -0,872475878 -0,82513304 0,951470703
-0,671034639606385 0,0673280405228845 -0,738362680129269
-1,092282009 -0,845950079 0,978871742 -1,169858477 -0,910143862 1,043520806 -2,626337671 0,546335332 2,5 -2,613410266 0,675178179 2,5
0,671034639606385 -0,0673280405228845 -0,738362680129269
1,169858477 0,910143862 1,043520806 2,626337671 -0,546335332 2,5 2,613410266 -0,675178187 2,5 1,092282004 0,845950075 0,978871738
-0,634029525458902 0,12852414761932 -0,762553673078221
-0,967404353 -0,735080577 0,893727948 -0,975812363 -0,74465852 0,899104527 -1,015986005 -0,78584595 0,925565216 -1,040476563 -0,8081571 0,942167609 -1,053812107 -0,818746701 0,951470704 -1,091987513 -0,845743083 0,97866177 -1,092282009 -0,845950079 0,978871742 -2,613410266 0,675178179 2,5 -2,573676404 0,871191475 2,5
0,634029525458902 -0,12852414761932 -0,762553673078221
1,092282004 0,845950075 0,978871738 2,613410266 -0,675178187 2,5 2,573676405 -0,871191477 2,5 0,967404352 0,735080576 0,893727948 0,975812366 0,744658522 0,899104528 1,015986005 0,78584595 0,925565216 1,040476564 0,808157101 0,942167609 1,053812107 0,818746701 0,951470704 1,091987512 0,845743082 0,978661769
-0,596544643945104 0,184532882882685 -0,781077526827788
-0,84370549 -0,608608079 0,829133132 -0,909912745 -0,679055144 0,863055224 -0,963757146 -0,731582233 0,891768909 -0,965606757 -0,733366329 0,892760041 -0,967404353 -0,735080577 0,893727948 -2,573676404 0,871191475 2,5 -2,514572358 1,062258789 2,5
0,596544643945104 -0,184532882882685 -0,781077526827788
0,967404352 0,735080576 0,893727948 2,573676405 -0,871191477 2,5 2,514572361 -1,062258782 2,5 0,843705494 0,608608085 0,829133133 0,909912718 0,679055115 0,863055209 0,963757135 0,731582221 0,891768902 0,965606785 0,733366354 0,892760055
-0,558746883798014 0,236234393460878 -0,794981277258892
-0,711338872 -0,478878834 0,774650181 -0,817362813 -0,5844916 0,817784756 -0,827690641 -0,594057977 0,822200878 -0,833221277 -0,599131249 0,824580486 -0,838557062 -0,603977885 0,826890492 -0,84370549 -0,608608079 0,829133132 -2,514572358 1,062258789 2,5 -2,436688691 1,246470985 2,5
0,558746883798014 -0,236234393460878 -0,794981277258892
0,843705494 0,608608085 0,829133133 2,514572361 -1,062258782 2,5 2,436688698 -1,246470967 2,5 0,711338884 0,478878847 0,774650186 0,817362826 0,584491612 0,817784761 0,827690694 0,594058027 0,8222009 0,833221319 0,599131289 0,824580504 0,838557082 0,603977905 0,8268905
-0,520614634656076 0,284413071161727 -0,805027705817803
-0,569450678 -0,349365423 0,72864709 -0,665323809 -0,438611501 0,759118344 -0,677393597 -0,449760642 0,762984977 -0,679776907 -0,451945053 0,76375453 -0,689187505 -0,460048679 0,766977422 -0,700517676 -0,469721254 0,770887407 -0,711338872 -0,478878834 0,774650181 -2,436688691 1,246470985 2,5 -2,340803588 1,421987488 2,5
0,520614634656076 -0,284413071161727 -0,805027705817803
0,711338884 0,478878847 0,774650186 2,436688698 -1,246470967 2,5 2,340803578 -1,421987503 2,5 0,569450664 0,34936541 0,728647087 0,665324037 0,438611714 0,759118417 0,677393574 0,449760623 0,76298497 0,679776891 0,45194504 0,763754525 0,689187505 0,46004868 0,766977423 0,700517764 0,46972133 0,770887438
-0,48199852418276 0,329752931959796 -0,811751456142556
-0,417077294 -0,223743191 0,689202199 -0,459831429 -0,260771698 0,69954671 -0,468209774 -0,267979682 0,701593514 -0,484228359 -0,281056562 0,705792822 -0,507430254 -0,29985661 0,711932519 -0,529316836 -0,317457238 0,717778449 -0,549966008 -0,333936061 0,723345338 -0,569450678 -0,349365423 0,72864709 -2,340803588 1,421987488 2,5 -2,227875094 1,587054609 2,5
0,48199852418276 -0,329752931959796 -0,811751456142556
0,569450664 0,34936541 0,728647087 2,340803578 -1,421987503 2,5 2,227875098 -1,587054604 2,5 0,417077299 0,223743195 0,6892022 0,459831395 0,260771668 0,699546702 0,468209788 0,267979694 0,701593517 0,484228165 0,281056405 0,705792771 0,507430191 0,299856558 0,711932503 0,52931685 0,317457248 0,717778453 0,549965959 0,333936021 0,723345325
-0,442656609678255 0,37284451886717 -0,815501128545425
-0,255524551 -0,103483938 0,656493004 -0,273761559 -0,117254645 0,660096186 -0,313560827 -0,147109131 0,66804998 -0,350582573 -0,174694768 0,675533436 -0,385026343 -0,200185808 0,682575202 -0,417077294 -0,223743191 0,689202199 -2,227875094 1,587054609 2,5 -2,099031547 1,740023058 2,5
0,442656609678255 -0,37284451886717 -0,815501128545425
0,417077299 0,223743195 0,6892022 2,227875098 -1,587054604 2,5 2,099031553 -1,74002305 2,5 0,255524559 0,103483944 0,656493006 0,273761445 0,11725456 0,660096164 0,313560986 0,147109251 0,668050012 0,350582573 0,174694768 0,675533436 0,385026413 0,20018586 0,682575216
-0,402272395157995 0,414195168491665 -0,81646756364966
-0,157153873 0,080957877 0,70159351 -0,209909109 -0,074270669 0,648838274 -0,226738821 -0,085090564 0,651641301 -0,255524551 -0,103483938 0,656493004 -2,099031547 1,740023058 2,5 -1,955560363 1,879364367 2,5
0,402272395157995 -0,414195168491665 -0,81646756364966
0,226738707 0,085090492 0,651641282 0,255524559 0,103483944 0,656493006 2,099031553 -1,74002305 2,5 1,955560352 -1,879364375 2,5 0,157153869 -0,080957892 0,701593517 0,209909111 0,074270672 0,648838275
-0,360461274349256 0,454238236979875 -0,814699511329131
-0,062649475 0,267440912 0,763754525 -0,124810482 0,106624027 0,701593518 -0,124810509 0,10662399 0,70159351 -0,157153873 0,080957877 0,70159351 -1,955560363 1,879364367 2,5 -1,798894949 2,003686386 2,5
0,360461274349256 -0,454238236979875 -0,814699511329131
1,955560352 -1,879364375 2,5 1,798894935 -2,003686397 2,5 0,062649463 -0,267440925 0,763754528 0,124810474 -0,106624031 0,701593517 0,157153869 -0,080957892 0,701593517
0,317486495248822 -0,400083215949053 -0,859730042310075
0,209909111 0,074270672 0,648838275 0,157153869 -0,080957892 0,701593517 0,124810474 -0,106624031 0,701593517 0,124810471 -0,106624029 0,701593515 0,181334153 0,059692903 0,645069833 0,203332439 0,07093467 0,647962039
-0,317486495248822 0,400083215949053 -0,859730042310075
-0,181334183 -0,059692916 0,645069837 -0,20333247 -0,070934685 0,647962043 -0,209909109 -0,074270669 0,648838274 -0,157153873 0,080957877 0,70159351 -0,124810509 0,10662399 0,70159351
-0,316769062721123 0,49333858521356 -0,810107647934683
0,051614499 0,42953161 0,817784757 -0,002415732 0,306116553 0,763754525 -0,062649475 0,267440912 0,763754525 -1,798894949 2,003686386 2,5 -1,630600744 2,111746853 2,5
0,316769062721123 -0,49333858521356 -0,810107647934683
1,798894935 -2,003686397 2,5 1,630600752 -2,11174685 2,5 -0,051614496 -0,429531602 0,817784753 0,002415729 -0,306116561 0,763754528 0,062649463 -0,267440925 0,763754528
0,281702340321618 -0,438725400870244 -0,853325151444962
0,062649463 -0,267440925 0,763754528 0,002415729 -0,306116561 0,763754528 0,002415724 -0,306116557 0,763754524 0,064576733 -0,145299668 0,701593515 0,124810471 -0,106624029 0,701593515 0,124810474 -0,106624031 0,701593517
0,247991123449506 -0,3862232913061 -0,888443567112135
0,158297548 0,050461504 0,642652694 0,181334153 0,059692903 0,645069833 0,124810471 -0,106624029 0,701593515 0,064576733 -0,145299668 0,701593515 0,064576743 -0,145299675 0,701593521 0,123517588 0,028129588 0,642652676 0,127990881 0,038234126 0,639508671
-0,247991123449506 0,3862232913061 -0,888443567112135
-0,123517614 -0,028129693 0,642652639 -0,127990857 -0,038234119 0,639508669 -0,158297262 -0,050461391 0,642652664 -0,181334183 -0,059692916 0,645069837 -0,124810509 0,10662399 0,70159351 -0,124810482 0,106624027 0,701593518 -0,064576735 0,145299671 0,701593518
-0,281702340321618 0,438725400870244 -0,853325151444962
-0,064576741 0,145299663 0,701593516 -0,064576735 0,145299671 0,701593518 -0,124810482 0,106624027 0,701593518 -0,062649475 0,267440912 0,763754525 -0,002415732 0,306116553 0,763754525
-0,270189957354148 0,53217411262622 -0,802364069980367
0,184676124 0,565343006 0,863055222 0,139405659 0,474104033 0,817784757 0,051614499 0,42953161 0,817784757 -1,630600744 2,111746853 2,5 -1,452268654 2,202287784 2,5
0,270189957354148 -0,53217411262622 -0,802364069980367
1,630600752 -2,11174685 2,5 1,452268662 -2,202287781 2,5 -0,184676115 -0,565343004 0,863055223 -0,139405645 -0,47410402 0,817784753 -0,051614496 -0,429531602 0,817784753
0,241666958927551 -0,475994373283735 -0,845592358979747
-0,051614496 -0,429531602 0,817784753 -0,139405645 -0,47410402 0,817784753 -0,139405656 -0,47410401 0,817784744 -0,085375436 -0,35068898 0,763754524 0,002415724 -0,306116557 0,763754524 0,002415729 -0,306116561 0,763754528
0,214899023106485 -0,423271457036557 -0,880147535090583
0,002415724 -0,306116557 0,763754524 -0,085375436 -0,35068898 0,763754524 -0,085375417 -0,350688996 0,763754537 -0,023214402 -0,18987209 0,701593521 0,064576743 -0,145299675 0,701593521 0,064576733 -0,145299668 0,701593515
0,189401357317187 -0,3730505021264 -0,908273333699525
0,064576743 -0,145299675 0,701593521 -0,023214402 -0,18987209 0,701593521 -0,023214408 -0,189872085 0,701593518 -0,021167565 -0,183849395 0,699546675 0,046704521 -0,032753878 0,65164128 0,063700666 -0,002240043 0,642652676 0,123517588 0,028129588 0,642652676
0,18581693763113 -0,365990523345593 -0,911878831046432
0,120185095 0,035786083 0,638900601 0,122583935 0,036577359 0,639071836 0,127990881 0,038234126 0,639508671 0,123517588 0,028129588 0,642652676 0,063700666 -0,002240043 0,642652676 0,076680871 0,021338507 0,635834244
-0,18581693763113 0,365990523345593 -0,911878831046432
-0,076680879 -0,02133851 0,635834244 -0,120185175 -0,035786109 0,638900606 -0,122583928 -0,036577357 0,639071835 -0,127990857 -0,038234119 0,639508669 -0,123517614 -0,028129693 0,642652639 -0,063700744 0,002239912 0,642652639
-0,189401357317187 0,3730505021264 -0,908273333699525
0,021167594 0,183849447 0,699546691 -0,046704486 0,032753946 0,6516413 -0,06370072 0,002239948 0,642652649 -0,063700744 0,002239912 0,642652639 -0,123517614 -0,028129693 0,642652639 -0,064576735 0,145299671 0,701593518 -0,064576741 0,145299663 0,701593516 0,023214419 0,189872087 0,701593516
-0,214899023106485 0,423271457036557 -0,880147535090583
0,02321442 0,189872088 0,701593516 0,023214419 0,189872087 0,701593516 -0,064576741 0,145299663 0,701593516 -0,002415732 0,306116553 0,763754525 0,085375429 0,350688977 0,763754525
-0,241666958927551 0,475994373283735 -0,845592358979747
0,085375427 0,350688974 0,763754525 0,085375429 0,350688977 0,763754525 -0,002415732 0,306116553 0,763754525 0,051614499 0,42953161 0,817784757 0,139405659 0,474104033 0,817784757
-0,22051455246305 0,570573098468382 -0,791087650931432
0,335179214 0,673490891 0,899104517 0,299129919 0,609577001 0,863055223 0,299129917 0,609577 0,863055222 0,184676124 0,565343006 0,863055222 -1,452268654 2,202287784 2,5 -1,265716269 2,274386374 2,5
0,22051455246305 -0,570573098468382 -0,791087650931432
1,452268662 -2,202287781 2,5 1,265716271 -2,274386373 2,5 -0,335179209 -0,673490892 0,89910452 -0,299129913 -0,609576999 0,863055223 -0,184676115 -0,565343004 0,863055223
0,198186239304112 -0,512799429200898 -0,835319675311031
-0,184676115 -0,565343004 0,863055223 -0,299129913 -0,609576999 0,863055223 -0,299129916 -0,609576996 0,86305522 -0,253859439 -0,518338 0,817784744 -0,139405656 -0,47410401 0,817784744 -0,139405645 -0,47410402 0,817784753
0,177316531325159 -0,458799845895952 -0,870667301054004
-0,139405656 -0,47410401 0,817784744 -0,253859439 -0,518338 0,817784744 -0,253859423 -0,518338017 0,817784756 -0,199829203 -0,394922987 0,763754537 -0,085375417 -0,350688996 0,763754537 -0,085375436 -0,35068898 0,763754524
0,157883273369839 -0,408517022920991 -0,898992054455319
-0,085375417 -0,350688996 0,763754537 -0,199829203 -0,394922987 0,763754537 -0,199829219 -0,394922973 0,763754527 -0,195193049 -0,382928729 0,759118358 -0,121900767 -0,237253285 0,705792778 -0,114388498 -0,225108962 0,701593518 -0,023214408 -0,189872085 0,701593518 -0,023214402 -0,18987209 0,701593521
0,139438218213547 -0,360791137466293 -0,922164160237867
-0,023214408 -0,189872085 0,701593518 -0,114388498 -0,225108962 0,701593518 -0,114388496 -0,225108964 0,701593519 -0,11056683 -0,218400339 0,699546675 -0,021167565 -0,183849395 0,699546675
0,137129555903121 -0,354817560697486 -0,924824298728412
-0,021167565 -0,183849395 0,699546675 -0,11056683 -0,218400339 0,699546675 -0,110566829 -0,218400335 0,699546674 -0,036470335 -0,086936736 0,660096181 -0,016154187 -0,057047453 0,65164128 0,046704521 -0,032753878 0,65164128
0,134587444309397 -0,348239942701383 -0,927693463457408
0,046704521 -0,032753878 0,65164128 -0,016154187 -0,057047453 0,65164128 -0,016154214 -0,057047502 0,651641294 0,005625888 -0,024684728 0,642652676 0,063700666 -0,002240043 0,642652676
0,132092681162427 -0,341784837027801 -0,930448627685162
0,071530951 0,020039735 0,63558021 0,076680871 0,021338507 0,635834244 0,063700666 -0,002240043 0,642652676 0,005625888 -0,024684728 0,642652676 0,005625895 -0,024684716 0,642652673 0,026850109 0,007163243 0,633966985
-0,132092681162427 0,341784837027801 -0,930448627685162
-0,026850116 -0,007163246 0,633966985 -0,071530942 -0,020039733 0,635580209 -0,076680879 -0,02133851 0,635834244 -0,063700744 0,002239912 0,642652639 -0,06370072 0,002239948 0,642652649 -0,00562596 0,024684627 0,642652649
-0,134587444309397 0,348239942701383 -0,927693463457408
-0,005625941 0,024684651 0,642652655 -0,00562596 0,024684627 0,642652649 -0,06370072 0,002239948 0,642652649 -0,046704486 0,032753946 0,6516413 0,016154227 0,057047522 0,6516413
-0,137129555903121 0,354817560697486 -0,924824298728412
0,036470329 0,086936729 0,660096179 0,016154278 0,057047588 0,651641318 0,016154227 0,057047522 0,6516413 -0,046704486 0,032753946 0,6516413 0,021167594 0,183849447 0,699546691 0,110566859 0,218400391 0,699546691
-0,139438218213547 0,360791137466293 -0,922164160237867
0,110566831 0,21840035 0,699546679 0,110566859 0,218400391 0,699546691 0,021167594 0,183849447 0,699546691 0,023214419 0,189872087 0,701593516 0,02321442 0,189872088 0,701593516 0,114388485 0,225108954 0,701593516
-0,157883273369839 0,408517022920991 -0,898992054455319
0,195193029 0,382928693 0,759118345 0,121900795 0,237253346 0,7057928 0,114388485 0,225108954 0,701593516 0,02321442 0,189872088 0,701593516 0,085375429 0,350688977 0,763754525 0,085375427 0,350688974 0,763754525 0,199829209 0,394922964 0,763754525
-0,177316531325159 0,458799845895952 -0,870667301054004
0,199829216 0,39492297 0,763754527 0,199829209 0,394922964 0,763754525 0,085375427 0,350688974 0,763754525 0,139405659 0,474104033 0,817784757 0,253859446 0,518338025 0,817784757
-0,198186239304112 0,512799429200898 -0,835319675311031
0,253859455 0,518338032 0,817784759 0,253859446 0,518338025 0,817784757 0,139405659 0,474104033 0,817784757 0,184676124 0,565343006 0,863055222 0,299129917 0,609577 0,863055222
-0,167006758992386 0,608653796901007 -0,775660555893393
0,501589792 0,752872983 0,925565216 0,475129096 0,711891339 0,89910452 0,475129087 0,711891333 0,899104517 0,335179214 0,673490891 0,899104517 -1,265716269 2,274386374 2,5 -1,072844992 2,327307767 2,5
0,167006758992386 -0,608653796901007 -0,775660555893393
1,265716271 -2,274386373 2,5 1,072844989 -2,327307767 2,5 -0,501589795 -0,752872983 0,925565216 -0,475129098 -0,711891339 0,89910452 -0,335179209 -0,673490892 0,89910452
0,150566743452993 -0,548738390246001 -0,822323436876384
-0,335179209 -0,673490892 0,89910452 -0,475129098 -0,711891339 0,89910452 -0,475129095 -0,711891342 0,899104523 -0,439079793 -0,647977439 0,86305522 -0,299129916 -0,609576996 0,86305522 -0,299129913 -0,609576999 0,863055223
0,135403149829061 -0,493474885406111 -0,859155704450477
-0,299129916 -0,609576996 0,86305522 -0,439079793 -0,647977439 0,86305522 -0,439079788 -0,647977444 0,863055224 -0,398225431 -0,565638781 0,822200867 -0,392435396 -0,556361478 0,817784756 -0,253859423 -0,518338017 0,817784756 -0,253859439 -0,518338 0,817784744
0,121327391887356 -0,442175982492435 -0,888684457208891
-0,253859423 -0,518338017 0,817784756 -0,392435396 -0,556361478 0,817784756 -0,392435398 -0,556361475 0,817784754 -0,320097231 -0,427922966 0,763754527 -0,199829219 -0,394922973 0,763754527 -0,199829203 -0,394922987 0,763754537
0,108258743274551 -0,394547475439546 -0,912475936191687
-0,199829219 -0,394922973 0,763754527 -0,320097231 -0,427922966 0,763754527 -0,320097226 -0,427922972 0,76375453 -0,31904285 -0,425853888 0,762984969 -0,312199072 -0,415033674 0,759118358 -0,195193049 -0,382928729 0,759118358
0,106644922364125 -0,388665927707135 -0,915186132529062
-0,195193049 -0,382928729 0,759118358 -0,312199072 -0,415033674 0,759118358 -0,22825653 -0,280893071 0,711932508 -0,214585036 -0,262684655 0,705792778 -0,121900767 -0,237253285 0,705792778
0,104908320288458 -0,38233690573558 -0,918048329254401
-0,121900767 -0,237253285 0,705792778 -0,214585036 -0,262684655 0,705792778 -0,214585071 -0,262684711 0,705792797 -0,205168475 -0,250017821 0,701593519 -0,114388496 -0,225108964 0,701593519 -0,114388498 -0,225108962 0,701593518
0,0929094802356537 -0,338607301014133 -0,936329495520816
-0,114388496 -0,225108964 0,701593519 -0,205168475 -0,250017821 0,701593519 -0,205168479 -0,250017813 0,701593516 -0,200326667 -0,243029278 0,699546674 -0,110566829 -0,218400335 0,699546674 -0,11056683 -0,218400339 0,699546675
0,0914073412676049 -0,333132776558403 -0,938438730629164
-0,110566829 -0,218400335 0,699546674 -0,200326667 -0,243029278 0,699546674 -0,200326695 -0,243029328 0,699546689 -0,125269916 -0,13370815 0,668049985 -0,101751912 -0,10484916 0,660096181 -0,036470335 -0,086936736 0,660096181
0,0897551001973907 -0,327111207091101 -0,940713707875015
-0,036470335 -0,086936736 0,660096181 -0,101751912 -0,10484916 0,660096181 -0,101751902 -0,104849144 0,660096177 -0,076514476 -0,07360958 0,651641294 -0,016154214 -0,057047502 0,651641294 -0,016154187 -0,057047453 0,65164128
0,0881332029116652 -0,321200225121891 -0,942901348989478
-0,016154214 -0,057047502 0,651641294 -0,076514476 -0,07360958 0,651641294 -0,076514487 -0,073609596 0,651641298 -0,049427063 -0,039790538 0,642652673 0,005625895 -0,024684716 0,642652673 0,005625888 -0,024684728 0,642652676
0,0865411922840182 -0,315398164659965 -0,945005089810201
0,022793259 0,006254176 0,633898872 0,026850109 0,007163243 0,633966985 0,005625895 -0,024684716 0,642652673 -0,049427063 -0,039790538 0,642652673 -0,049427042 -0,039790507 0,642652664 -0,022793275 -0,006254181 0,633898872
-0,0865411922840182 0,315398164659965 -0,945005089810201
0,022793259 0,006254176 0,633898872 -0,022793275 -0,006254181 0,633898872 -0,026850116 -0,007163246 0,633966985 -0,00562596 0,024684627 0,642652649 -0,005625941 0,024684651 0,642652655 0,049426999 0,039790469 0,642652655
-0,0881332029116652 0,321200225121891 -0,942901348989478
0,04942707 0,039790545 0,642652675 0,049426999 0,039790469 0,642652655 -0,005625941 0,024684651 0,642652655 0,016154227 0,057047522 0,6516413 0,016154278 0,057047588 0,651641318 0,076514545 0,073609667 0,651641318
-0,0897551001973907 0,327111207091101 -0,940713707875015
0,076514501 0,073609619 0,651641305 0,076514545 0,073609667 0,651641318 0,016154278 0,057047588 0,651641318 0,036470329 0,086936729 0,660096179 0,1017519 0,104849151 0,660096179
-0,0914073412676049 0,333132776558403 -0,938438730629164
0,125270016 0,133708279 0,668050021 0,1017519 0,104849151 0,660096179 0,036470329 0,086936729 0,660096179 0,110566859 0,218400391 0,699546691 0,110566831 0,21840035 0,699546679 0,200326685 0,243029297 0,699546679
-0,0929094802356537 0,338607301014133 -0,936329495520816
0,200326672 0,243029281 0,699546674 0,200326685 0,243029297 0,699546679 0,110566831 0,21840035 0,699546679 0,114388485 0,225108954 0,701593516 0,205168484 0,250017816 0,701593516
-0,104908320288458 0,38233690573558 -0,918048329254401
0,205168486 0,250017817 0,701593517 0,205168484 0,250017816 0,701593516 0,114388485 0,225108954 0,701593516 0,121900795 0,237253346 0,7057928 0,214585093 0,262684723 0,7057928
-0,106644922364125 0,388665927707135 -0,915186132529062
0,228256451 0,280892961 0,71193247 0,214585079 0,262684707 0,705792795 0,214585093 0,262684723 0,7057928 0,121900795 0,237253346 0,7057928 0,195193029 0,382928693 0,759118345 0,312199037 0,415033633 0,759118345
-0,108258743274551 0,394547475439546 -0,912475936191687
0,319042865 0,425853903 0,762984974 0,312199136 0,415033765 0,75911839 0,312199037 0,415033633 0,759118345 0,195193029 0,382928693 0,759118345 0,199829209 0,394922964 0,763754525 0,199829216 0,39492297 0,763754527 0,320097229 0,427922963 0,763754527
-0,121327391887356 0,442175982492435 -0,888684457208891
0,320097229 0,427922963 0,763754526 0,320097229 0,427922963 0,763754527 0,199829216 0,39492297 0,763754527 0,253859446 0,518338025 0,817784757 0,253859455 0,518338032 0,817784759 0,392435405 0,556361487 0,817784759
-0,135403149829061 0,493474885406111 -0,859155704450477
0,398225474 0,56563885 0,8222009 0,392435397 0,556361481 0,817784758 0,392435405 0,556361487 0,817784759 0,253859455 0,518338032 0,817784759 0,299129917 0,609577 0,863055222 0,299129919 0,609577001 0,863055223 0,439079796 0,647977444 0,863055223
-0,150566743452993 0,548738390246001 -0,822323436876384
0,439079791 0,64797744 0,863055221 0,439079796 0,647977444 0,863055223 0,299129919 0,609577001 0,863055223 0,335179214 0,673490891 0,899104517 0,475129087 0,711891333 0,899104517
-0,108825742097801 0,646385044467868 -0,755210786565669
0,682211731 0,802680173 0,942167609 0,665609338 0,780487404 0,925565216 0,501589792 0,752872983 0,925565216 -1,072844992 2,327307767 2,5 -0,87562066 2,360512564 2,5
0,108825742097801 -0,646385044467868 -0,755210786565669
1,072844989 -2,327307767 2,5 0,875620659 -2,360512564 2,5 -0,682211732 -0,802680173 0,942167609 -0,665609338 -0,780487404 0,925565216 -0,501589795 -0,752872983 0,925565216
0,0982921040734051 -0,583819093144619 -0,805911861655242
-0,501589795 -0,752872983 0,925565216 -0,665609338 -0,780487404 0,925565216 -0,639148645 -0,739505764 0,899104523 -0,475129095 -0,711891342 0,899104523 -0,475129098 -0,711891339 0,89910452
0,0886958845459212 -0,526821064310396 -0,845335794973499
-0,475129095 -0,711891342 0,899104523 -0,639148645 -0,739505764 0,899104523 -0,639148641 -0,739505768 0,899104525 -0,631813017 -0,726500012 0,891768901 -0,594973241 -0,674223752 0,863055224 -0,439079788 -0,647977444 0,863055224 -0,439079793 -0,647977439 0,86305522
0,0799006366123478 -0,474580513342781 -0,876578133781721
-0,439079788 -0,647977444 0,863055224 -0,594973241 -0,674223752 0,863055224 -0,594973242 -0,674223752 0,863055224 -0,544657913 -0,594687531 0,824580486 -0,540772343 -0,589638058 0,822200867 -0,398225431 -0,565638781 0,822200867
0,0788168538878024 -0,468143240955801 -0,880130563888465
-0,398225431 -0,565638781 0,822200867 -0,540772343 -0,589638058 0,822200867 -0,540772316 -0,589638015 0,822200847 -0,533530909 -0,580116393 0,817784754 -0,392435398 -0,556361475 0,817784754 -0,392435396 -0,556361478 0,817784756
0,0707773518661871 -0,420391543870462 -0,904578087455704
-0,392435398 -0,556361475 0,817784754 -0,533530909 -0,580116393 0,817784754 -0,447321025 -0,456277343 0,766977441 -0,440606228 -0,448211934 0,76375453 -0,320097226 -0,427922972 0,76375453 -0,320097231 -0,427922966 0,763754527
0,0633184054395211 -0,376088134357748 -0,924417922115265
-0,320097226 -0,427922972 0,76375453 -0,440606228 -0,448211934 0,76375453 -0,44060623 -0,44821193 0,763754529 -0,43892598 -0,446037478 0,762984969 -0,31904285 -0,425853888 0,762984969
0,0623975453486068 -0,370618562734892 -0,926686801077253
-0,31904285 -0,425853888 0,762984969 -0,43892598 -0,446037478 0,762984969 -0,438925983 -0,446037482 0,76298497 -0,430430163 -0,434939125 0,759118358 -0,312199072 -0,415033674 0,759118358
0,0614899317146744 -0,365227670214244 -0,928885212072837
-0,312199072 -0,415033674 0,759118358 -0,430430163 -0,434939125 0,759118358 -0,430430142 -0,434939091 0,759118346 -0,339017971 -0,314408938 0,717778449 -0,323295133 -0,296893823 0,711932508 -0,22825653 -0,280893071 0,711932508
0,0605140929072714 -0,359431545154515 -0,931207285682113
-0,22825653 -0,280893071 0,711932508 -0,323295133 -0,296893823 0,711932508 -0,323295167 -0,296893867 0,711932523 -0,306649511 -0,278184731 0,705792797 -0,214585071 -0,262684711 0,705792797 -0,214585036 -0,262684655 0,705792778
0,0595535641421619 -0,353726356137839 -0,933451143858859
-0,214585071 -0,262684711 0,705792797 -0,306649511 -0,278184731 0,705792797 -0,306649526 -0,278184752 0,705792804 -0,295172668 -0,265170968 0,701593516 -0,205168479 -0,250017813 0,701593516 -0,205168475 -0,250017821 0,701593519
0,0529109750434001 -0,314271810115757 -0,947857403878095
-0,205168479 -0,250017813 0,701593516 -0,295172668 -0,265170968 0,701593516 -0,289227211 -0,257996668 0,699546689 -0,200326695 -0,243029328 0,699546689 -0,200326667 -0,243029278 0,699546674
0,0520782636135485 -0,309325809250173 -0,949529040203997
-0,200326695 -0,243029328 0,699546689 -0,289227211 -0,257996668 0,699546689 -0,289227193 -0,257996641 0,699546681 -0,218889306 -0,172441755 0,675533451 -0,192324761 -0,144997541 0,668049985 -0,125269916 -0,13370815 0,668049985
0,0511631226169391 -0,303890206952547 -0,95133226424968
-0,125269916 -0,13370815 0,668049985 -0,192324761 -0,144997541 0,668049985 -0,192324748 -0,144997525 0,66804998 -0,163799476 -0,115295508 0,660096177 -0,101751902 -0,104849144 0,660096177 -0,101751912 -0,10484916 0,660096181
0,0502643460936148 -0,298551803631818 -0,953068893658779
-0,101751902 -0,104849144 0,660096177 -0,163799476 -0,115295508 0,660096177 -0,163799489 -0,115295524 0,660096181 -0,133162833 -0,083146943 0,651641298 -0,076514487 -0,073609596 0,651641298 -0,076514476 -0,07360958 0,651641294
0,0493816755427524 -0,293309063887788 -0,954741453568378
-0,076514487 -0,073609596 0,651641298 -0,133162833 -0,083146943 0,651641298 -0,133162853 -0,083146968 0,651641305 -0,10025268 -0,048347539 0,642652664 -0,049427042 -0,039790507 0,642652664 -0,049427063 -0,039790538 0,642652673
0,0485148519158059 -0,288160449066985 -0,956352374774644
-0,026850116 -0,007163246 0,633966985 -0,022793275 -0,006254181 0,633898872 -0,049427042 -0,039790507 0,642652664 -0,10025268 -0,048347539 0,642652664 -0,100252694 -0,048347557 0,642652669 -0,086371335 -0,033558067 0,638900606 -0,071530942 -0,020039733 0,635580209
-0,0485148519158059 0,288160449066985 -0,956352374774644
0,086371318 0,033558044 0,638900601 0,071530951 0,020039735 0,63558021 0,026850109 0,007163243 0,633966985 0,022793259 0,006254176 0,633898872 0,049426999 0,039790469 0,642652655 0,04942707 0,039790545 0,642652675 0,100252719 0,04834758 0,642652675
-0,0493816755427524 0,293309063887788 -0,954741453568378
0,100252797 0,048347651 0,642652693 0,100252719 0,04834758 0,642652675 0,04942707 0,039790545 0,642652675 0,076514545 0,073609667 0,651641318 0,076514501 0,073609619 0,651641305 0,133162865 0,083146969 0,651641305
-0,0502643460936148 0,298551803631818 -0,953068893658779
0,133162778 0,08314689 0,651641285 0,133162865 0,083146969 0,651641305 0,076514501 0,073609619 0,651641305 0,1017519 0,104849151 0,660096179 0,163799475 0,115295514 0,660096179
-0,0511631226169391 0,303890206952547 -0,95133226424968
0,163799415 0,11529546 0,660096165 0,163799475 0,115295514 0,660096179 0,1017519 0,104849151 0,660096179 0,125270016 0,133708279 0,668050021 0,192324875 0,144997672 0,668050021
-0,0520782636135485 0,309325809250173 -0,949529040203997
0,218889233 0,172441692 0,675533434 0,192324885 0,144997681 0,668050023 0,192324875 0,144997672 0,668050021 0,125270016 0,133708279 0,668050021 0,200326685 0,243029297 0,699546679 0,200326672 0,243029281 0,699546674 0,28922715 0,257996614 0,699546674
-0,0529109750434001 0,314271810115757 -0,947857403878095
0,289227235 0,257996703 0,699546699 0,28922715 0,257996614 0,699546674 0,200326672 0,243029281 0,699546674 0,205168484 0,250017816 0,701593516 0,205168486 0,250017817 0,701593517 0,295172665 0,26517097 0,701593517
-0,0595535641421619 0,353726356137839 -0,933451143858859
0,295172683 0,265170981 0,701593519 0,295172665 0,26517097 0,701593517 0,205168486 0,250017817 0,701593517 0,214585093 0,262684723 0,7057928 0,214585079 0,262684707 0,705792795 0,306649506 0,278184724 0,705792795
-0,0605140929072714 0,359431545154515 -0,931207285682113
0,306649526 0,278184744 0,705792801 0,306649506 0,278184724 0,705792795 0,214585079 0,262684707 0,705792795 0,228256451 0,280892961 0,71193247 0,323295029 0,296893709 0,71193247
-0,0614899317146744 0,365227670214244 -0,928885212072837
0,339017971 0,314408947 0,717778453 0,323294977 0,296893658 0,711932454 0,323295029 0,296893709 0,71193247 0,228256451 0,280892961 0,71193247 0,312199037 0,415033633 0,759118345 0,312199136 0,415033765 0,75911839 0,430430231 0,434939218 0,75911839
-0,0623975453486068 0,370618562734892 -0,926686801077253
0,430430251 0,43493924 0,759118398 0,430430231 0,434939218 0,75911839 0,312199136 0,415033765 0,75911839 0,319042865 0,425853903 0,762984974 0,438925991 0,446037492 0,762984974
-0,0633184054395211 0,376088134357748 -0,924417922115265
0,438926038 0,446037545 0,762984992 0,438925991 0,446037492 0,762984974 0,319042865 0,425853903 0,762984974 0,320097229 0,427922963 0,763754527 0,320097229 0,427922963 0,763754526 0,440606232 0,448211925 0,763754526
-0,0707773518661871 0,420391543870462 -0,904578087455704
0,447320986 0,456277293 0,766977421 0,440606215 0,448211915 0,763754523 0,440606232 0,448211925 0,763754526 0,320097229 0,427922963 0,763754526 0,392435405 0,556361487 0,817784759 0,392435397 0,556361481 0,817784758 0,533530909 0,5801164 0,817784758
-0,0788168538878024 0,468143240955801 -0,880130563888465
0,533530922 0,580116407 0,81778476 0,533530909 0,5801164 0,817784758 0,392435397 0,556361481 0,817784758 0,398225474 0,56563885 0,8222009 0,540772406 0,589638131 0,8222009
-0,0799006366123478 0,474580513342781 -0,876578133781721
0,544657949 0,594687567 0,824580502 0,540772406 0,58963813 0,8222009 0,540772406 0,589638131 0,8222009 0,398225474 0,56563885 0,8222009 0,439079796 0,647977444 0,863055223 0,439079791 0,64797744 0,863055221 0,594973253 0,67422375 0,863055221
-0,0886958845459212 0,526821064310396 -0,845335794973499
0,631812953 0,726499912 0,891768845 0,594973241 0,674223743 0,863055218 0,594973253 0,67422375 0,863055221 0,439079791 0,64797744 0,863055221 0,475129087 0,711891333 0,899104517 0,475129096 0,711891339 0,89910452 0,639148628 0,739505758 0,89910452
-0,0982921040734051 0,583819093144619 -0,805911861655242
0,639148649 0,73950577 0,899104527 0,639148628 0,739505758 0,89910452 0,475129096 0,711891339 0,89910452 0,501589792 0,752872983 0,925565216 0,665609338 0,780487404 0,925565216
-0,0450375545397156 0,68351147279795 -0,728549027337666
0,872475879 0,82513304 0,951470704 0,861169686 0,81447197 0,942167609 0,861169687 0,81447197 0,942167609 0,682211731 0,802680173 0,942167609 -0,87562066 2,360512564 2,5 -0,676053417 2,373662337 2,5
0,0450375545397156 -0,68351147279795 -0,728549027337666
0,875620659 -2,360512564 2,5 0,676053418 -2,373662337 2,5 -0,872475878 -0,82513304 0,951470703 -0,872475878 -0,82513304 0,951470704 -0,861169686 -0,814471971 0,942167609 -0,682211732 -0,802680173 0,942167609
0,0407129197954978 -0,617878747097294 -0,785218639645802
-0,682211732 -0,802680173 0,942167609 -0,861169686 -0,814471971 0,942167609 -0,861169686 -0,81447197 0,942167609 -0,840648888 -0,792021012 0,925565216 -0,665609338 -0,780487404 0,925565216
0,0368155535307314 -0,558730452237846 -0,828531771726539
-0,665609338 -0,780487404 0,925565216 -0,840648888 -0,792021012 0,925565216 -0,80737636 -0,750590534 0,899104525 -0,639148641 -0,739505768 0,899104525 -0,639148645 -0,739505764 0,899104523
0,0332869185992441 -0,505178200486249 -0,862372869937154
-0,639148641 -0,739505768 0,899104525 -0,80737636 -0,750590534 0,899104525 -0,807376358 -0,750590537 0,899104527 -0,799254937 -0,739224944 0,892760041 -0,797699128 -0,737430487 0,891768901 -0,631813017 -0,726500012 0,891768901
0,0328707510009484 -0,498862241927907 -0,866057721694863
-0,631813017 -0,726500012 0,891768901 -0,797699128 -0,737430487 0,891768901 -0,797699138 -0,737430501 0,891768909 -0,75245573 -0,684600499 0,863055224 -0,594973242 -0,674223752 0,863055224 -0,594973241 -0,674223752 0,863055224
0,0296791678828626 -0,450425249735621 -0,892320705460982
-0,594973242 -0,674223752 0,863055224 -0,75245573 -0,684600499 0,863055224 -0,752455729 -0,6846005 0,863055224 -0,693651523 -0,6090812 0,826890492 -0,689118958 -0,604206277 0,824580486 -0,544657913 -0,594687531 0,824580486
0,0292863794776624 -0,444464104995854 -0,895317802429575
-0,544657913 -0,594687531 0,824580486 -0,689118958 -0,604206277 0,824580486 -0,68442473 -0,599103479 0,822200847 -0,540772316 -0,589638015 0,822200847 -0,540772343 -0,589638058 0,822200867
0,0288982521521192 -0,438573699030734 -0,898230483529173
-0,540772316 -0,589638015 0,822200847 -0,68442473 -0,599103479 0,822200847 -0,684424781 -0,599103546 0,822200878 -0,675666265 -0,589481896 0,817784754 -0,533530909 -0,580116393 0,817784754
0,0260197598977526 -0,39488832356292 -0,918360595849217
-0,533530909 -0,580116393 0,817784754 -0,675666265 -0,589481896 0,817784754 -0,675666263 -0,5894819 0,817784756 -0,578544366 -0,474016938 0,770887407 -0,568867201 -0,464286195 0,766977441 -0,447321025 -0,456277343 0,766977441
0,0256507173467859 -0,389287557266564 -0,920759055593279
-0,447321025 -0,456277343 0,766977441 -0,568867201 -0,464286195 0,766977441 -0,568867161 -0,464286148 0,766977422 -0,560834967 -0,456133974 0,763754529 -0,44060623 -0,44821193 0,763754529 -0,440606228 -0,448211934 0,76375453
0,0230160123740823 -0,349302014208434 -0,936727476934635
-0,44060623 -0,44821193 0,763754529 -0,560834967 -0,456133974 0,763754529 -0,560834966 -0,456133977 0,76375453 -0,558811127 -0,453936886 0,76298497 -0,438925983 -0,446037482 0,76298497 -0,43892598 -0,446037478 0,762984969
0,0226903996853682 -0,344360360277637 -0,93856331061446
-0,438925983 -0,446037482 0,76298497 -0,558811127 -0,453936886 0,76298497 -0,558811142 -0,453936905 0,762984977 -0,548568737 -0,442723413 0,759118346 -0,430430142 -0,434939091 0,759118346 -0,430430163 -0,434939125 0,759118358
0,0223693677227688 -0,339488225637687 -0,940344275274252
-0,430430142 -0,434939091 0,759118346 -0,548568737 -0,442723413 0,759118346 -0,548568732 -0,442723407 0,759118344 -0,45311865 -0,337346853 0,723345338 -0,435450774 -0,320763034 0,717778449 -0,339017971 -0,314408938 0,717778449
0,0220244270622945 -0,334253241161327 -0,942225925872201
-0,339017971 -0,314408938 0,717778449 -0,435450774 -0,320763034 0,717778449 -0,416734938 -0,303050748 0,711932523 -0,323295167 -0,296893867 0,711932523 -0,323295133 -0,296893823 0,711932508
0,0216847582514723 -0,329098264797237 -0,944046663765633
-0,323295167 -0,296893867 0,711932523 -0,416734938 -0,303050748 0,711932523 -0,416734929 -0,303050738 0,711932519 -0,39690564 -0,284131857 0,705792804 -0,306649526 -0,278184752 0,705792804 -0,306649511 -0,278184731 0,705792797
0,0213502992263453 -0,324022354633119 -0,945808478721223
-0,306649526 -0,278184752 0,705792804 -0,39690564 -0,284131857 0,705792804 -0,396905688 -0,284131912 0,705792822 -0,383223412 -0,270972758 0,701593516 -0,295172668 -0,265170968 0,701593516
0,019033226492196 -0,288857350376466 -0,957182933102541
-0,295172668 -0,265170968 0,701593516 -0,383223412 -0,270972758 0,701593516 -0,383223414 -0,270972751 0,701593514 -0,376096516 -0,263720586 0,699546681 -0,289227193 -0,257996641 0,699546681 -0,289227211 -0,257996668 0,699546689
0,0187421522555983 -0,284439868517522 -0,958510663960794
-0,289227193 -0,257996641 0,699546681 -0,376096516 -0,263720586 0,699546681 -0,376096601 -0,263720689 0,69954671 -0,316463389 -0,202600473 0,682575202 -0,287043745 -0,176932549 0,675533451 -0,218889306 -0,172441755 0,675533451
0,0184224897854456 -0,279588517950083 -0,959943161078082
-0,218889306 -0,172441755 0,675533451 -0,287043745 -0,176932549 0,675533451 -0,287043693 -0,176932495 0,675533436 -0,255437695 -0,149156128 0,66804998 -0,192324748 -0,144997525 0,66804998 -0,192324761 -0,144997541 0,668049985
0,018108344483941 -0,274820898573356 -0,961324899067627
-0,192324748 -0,144997525 0,66804998 -0,255437695 -0,149156128 0,66804998 -0,255437692 -0,149156125 0,66804998 -0,221477162 -0,119095989 0,660096181 -0,163799489 -0,115295524 0,660096181 -0,163799476 -0,115295508 0,660096177
0,0177996288835114 -0,270135682937608 -0,962657720072634
-0,163799489 -0,115295524 0,660096181 -0,221477162 -0,119095989 0,660096181 -0,22147718 -0,119096008 0,660096186 -0,184979785 -0,08656126 0,651641305 -0,133162853 -0,083146968 0,651641305 -0,133162833 -0,083146943 0,651641298
0,0174962558116427 -0,265531548071063 -0,963943399796668
-0,133162853 -0,083146968 0,651641305 -0,184979785 -0,08656126 0,651641305 -0,18497977 -0,086561244 0,651641301 -0,168921785 -0,072146568 0,647962043 -0,141377147 -0,051057306 0,642652669 -0,100252694 -0,048347557 0,642652669 -0,10025268 -0,048347539 0,642652664
0,0171981384939003 -0,261007177043391 -0,965183649656471
-0,100252694 -0,048347557 0,642652669 -0,141377147 -0,051057306 0,642652669 -0,141377126 -0,051057288 0,642652664 -0,122583928 -0,036577357 0,639071835 -0,120185175 -0,035786109 0,638900606 -0,086371335 -0,033558067 0,638900606
0,016862806393843 -0,255918016676468 -0,96655140292739
-0,076680879 -0,02133851 0,635834244 -0,071530942 -0,020039733 0,635580209 -0,086371335 -0,033558067 0,638900606 -0,120185175 -0,035786109 0,638900606
-0,016862806393843 0,255918016676468 -0,96655140292739
0,076680871 0,021338507 0,635834244 0,071530951 0,020039735 0,63558021 0,086371318 0,033558044 0,638900601 0,120185095 0,035786083 0,638900601
-0,0171981384939003 0,261007177043391 -0,965183649656471
0,122583935 0,036577359 0,639071836 0,120185095 0,035786083 0,638900601 0,086371318 0,033558044 0,638900601 0,100252719 0,04834758 0,642652675 0,100252797 0,048347651 0,642652693 0,141377278 0,051057402 0,642652693
-0,0174962558116427 0,265531548071063 -0,963943399796668
0,168921772 0,072146553 0,647962039 0,141377283 0,051057405 0,642652694 0,141377278 0,051057402 0,642652693 0,100252797 0,048347651 0,642652693 0,133162865 0,083146969 0,651641305 0,133162778 0,08314689 0,651641285 0,184979704 0,086561182 0,651641285
-0,0177996288835114 0,270135682937608 -0,962657720072634
0,18497969 0,086561171 0,651641282 0,184979704 0,086561182 0,651641285 0,133162778 0,08314689 0,651641285 0,163799475 0,115295514 0,660096179 0,163799415 0,11529546 0,660096165 0,221477092 0,119095925 0,660096165
-0,018108344483941 0,274820898573356 -0,961324899067627
0,221477088 0,119095922 0,660096164 0,221477092 0,119095925 0,660096165 0,163799415 0,11529546 0,660096165 0,192324875 0,144997672 0,668050021 0,192324885 0,144997681 0,668050023 0,255437877 0,149156287 0,668050023
-0,0184224897854456 0,279588517950083 -0,959943161078082
0,255437822 0,149156245 0,668050012 0,255437877 0,149156287 0,668050023 0,192324885 0,144997681 0,668050023 0,218889233 0,172441692 0,675533434 0,287043678 0,176932487 0,675533434
-0,0187421522555983 0,284439868517522 -0,958510663960794
0,316463455 0,202600526 0,682575216 0,287043689 0,176932495 0,675533436 0,287043678 0,176932487 0,675533434 0,218889233 0,172441692 0,675533434 0,28922715 0,257996614 0,699546674 0,289227235 0,257996703 0,699546699 0,376096575 0,263720649 0,699546699
-0,019033226492196 0,288857350376466 -0,957182933102541
0,376096588 0,263720659 0,699546702 0,376096575 0,263720649 0,699546699 0,289227235 0,257996703 0,699546699 0,295172665 0,26517097 0,701593517 0,295172683 0,265170981 0,701593519 0,383223434 0,270972771 0,701593519
-0,0213502992263453 0,324022354633119 -0,945808478721223
0,383223416 0,270972763 0,701593517 0,383223434 0,270972771 0,701593519 0,295172683 0,265170981 0,701593519 0,306649506 0,278184724 0,705792795 0,306649526 0,278184744 0,705792801 0,39690562 0,284131848 0,705792801
-0,0216847582514723 0,329098264797237 -0,944046663765633
0,396905506 0,284131753 0,705792771 0,39690562 0,284131848 0,705792801 0,306649526 0,278184744 0,705792801 0,323295029 0,296893709 0,71193247 0,323294977 0,296893658 0,711932454 0,416734691 0,303050535 0,711932454
-0,0220244270622945 0,334253241161327 -0,942225925872201
0,416734874 0,303050686 0,711932503 0,416734691 0,303050535 0,711932454 0,323294977 0,296893658 0,711932454 0,339017971 0,314408947 0,717778453 0,435450786 0,320763044 0,717778453
-0,0223693677227688 0,339488225637687 -0,940344275274252
0,453118608 0,337346812 0,723345325 0,435450786 0,320763044 0,717778453 0,339017971 0,314408947 0,717778453 0,430430231 0,434939218 0,75911839 0,430430251 0,43493924 0,759118398 0,54856887 0,442723564 0,759118398
-0,0226903996853682 0,344360360277637 -0,93856331061446
0,548568931 0,442723621 0,759118417 0,54856887 0,442723564 0,759118398 0,430430251 0,43493924 0,759118398 0,438925991 0,446037492 0,762984974 0,438926038 0,446037545 0,762984992 0,558811186 0,45393695 0,762984992
-0,0230160123740823 0,349302014208434 -0,936727476934635
0,558811118 0,453936886 0,76298497 0,558811186 0,45393695 0,762984992 0,438926038 0,446037545 0,762984992 0,440606232 0,448211925 0,763754526 0,440606215 0,448211915 0,763754523 0,560834941 0,456133959 0,763754523
-0,0256507173467859 0,389287557266564 -0,920759055593279
0,560834951 0,456133964 0,763754525 0,560834941 0,456133959 0,763754523 0,440606215 0,448211915 0,763754523 0,447320986 0,456277293 0,766977421 0,568867153 0,464286145 0,766977421
-0,0260197598977526 0,39488832356292 -0,918360595849217
0,578544444 0,474017014 0,770887438 0,568867158 0,464286149 0,766977423 0,568867153 0,464286145 0,766977421 0,447320986 0,456277293 0,766977421 0,533530909 0,5801164 0,817784758 0,533530922 0,580116407 0,81778476 0,675666287 0,589481911 0,81778476
-0,0288982521521192 0,438573699030734 -0,898230483529173
0,67566629 0,589481912 0,817784761 0,675666287 0,589481911 0,81778476 0,533530922 0,580116407 0,81778476 0,540772406 0,589638131 0,8222009 0,540772406 0,58963813 0,8222009 0,684424836 0,599103596 0,8222009
-0,0292863794776624 0,444464104995854 -0,895317802429575
0,684424836 0,599103596 0,8222009 0,540772406 0,58963813 0,8222009 0,544657949 0,594687567 0,824580502 0,689118991 0,604206313 0,824580502
-0,0296791678828626 0,450425249735621 -0,892320705460982
0,693651541 0,609081221 0,8268905 0,689118995 0,604206317 0,824580504 0,689118991 0,604206313 0,824580502 0,544657949 0,594687567 0,824580502 0,594973253 0,67422375 0,863055221 0,594973241 0,674223743 0,863055218 0,752455724 0,68460049 0,863055218
-0,0328707510009484 0,498862241927907 -0,866057721694863
0,752455688 0,684600472 0,863055209 0,752455724 0,68460049 0,863055218 0,594973241 0,674223743 0,863055218 0,631812953 0,726499912 0,891768845 0,797699019 0,737430384 0,891768845
-0,0332869185992441 0,505178200486249 -0,862372869937154
0,799254956 0,73922497 0,892760055 0,797699126 0,737430489 0,891768902 0,797699019 0,737430384 0,891768845 0,631812953 0,726499912 0,891768845 0,639148628 0,739505758 0,89910452 0,639148649 0,73950577 0,899104527 0,807376357 0,750590536 0,899104527
-0,0368155535307314 0,558730452237846 -0,828531771726539
0,807376363 0,750590539 0,899104528 0,807376357 0,750590536 0,899104527 0,639148649 0,73950577 0,899104527 0,665609338 0,780487404 0,925565216 0,840648888 0,792021012 0,925565216
-0,0407129197954978 0,617878747097294 -0,785218639645802
0,840648888 0,792021012 0,925565216 0,665609338 0,780487404 0,925565216 0,682211731 0,802680173 0,942167609 0,861169687 0,81447197 0,942167609
-0,0244611276074893 -0,694558824859616 -0,719019952467106
-2,426461588 -2,373662337 2,5 -2,626337671 -2,366623056 2,5 -1,169858477 -0,910143862 1,043520806 -1,092282009 -0,845950079 0,978871742 -1,091987513 -0,845743083 0,97866177 -0,905123358 -0,852324107 0,97866177
-0,0243749577774408 -0,69211208500129 -0,721378349570123
-0,905123358 -0,852324107 0,97866177 -1,091987513 -0,845743083 0,97866177 -1,053812107 -0,818746701 0,951470704 -0,872475878 -0,82513304 0,951470704 -0,872475878 -0,82513304 0,951470703
-0,0226652857276602 -0,643566988109379 -0,7650541266072
-0,872475878 -0,82513304 0,951470704 -1,053812107 -0,818746701 0,951470704 -1,040476563 -0,8081571 0,942167609 -0,861169686 -0,81447197 0,942167609 -0,861169686 -0,814471971 0,942167609
-0,0205065613025672 -0,582271322433309 -0,812735866081539
-0,861169686 -0,81447197 0,942167609 -1,040476563 -0,8081571 0,942167609 -1,015986005 -0,78584595 0,925565216 -0,840648888 -0,792021012 0,925565216
-0,0185786481294179 -0,527529401722999 -0,849333600036792
-0,840648888 -0,792021012 0,925565216 -1,015986005 -0,78584595 0,925565216 -0,975812363 -0,74465852 0,899104527 -0,807376358 -0,750590537 0,899104527 -0,80737636 -0,750590534 0,899104525
-0,0168395461855385 -0,478148660907023 -0,878117468085612
-0,807376358 -0,750590537 0,899104527 -0,975812363 -0,74465852 0,899104527 -0,967404353 -0,735080577 0,893727948 -0,965606757 -0,733366329 0,892760041 -0,799254937 -0,739224944 0,892760041
-0,0166346361471279 -0,472330365129161 -0,881264611258846
-0,799254937 -0,739224944 0,892760041 -0,965606757 -0,733366329 0,892760041 -0,963757146 -0,731582233 0,891768909 -0,797699138 -0,737430501 0,891768909 -0,797699128 -0,737430487 0,891768901
-0,0164318151723163 -0,466571387040233 -0,884330897484361
-0,797699138 -0,737430501 0,891768909 -0,963757146 -0,731582233 0,891768909 -0,909912745 -0,679055144 0,863055224 -0,752455729 -0,6846005 0,863055224 -0,75245573 -0,684600499 0,863055224
-0,0148767399934638 -0,422415974169509 -0,906279993916665
-0,752455729 -0,6846005 0,863055224 -0,909912745 -0,679055144 0,863055224 -0,84370549 -0,608608079 0,829133132 -0,838557062 -0,603977885 0,826890492 -0,693651523 -0,6090812 0,826890492
-0,0146854021869819 -0,416983053653587 -0,908795616147182
-0,693651523 -0,6090812 0,826890492 -0,838557062 -0,603977885 0,826890492 -0,833221277 -0,599131249 0,824580486 -0,689118958 -0,604206277 0,824580486
-0,0144963006923222 -0,411613631850244 -0,911243148309654
-0,689118958 -0,604206277 0,824580486 -0,833221277 -0,599131249 0,824580486 -0,827690641 -0,594057977 0,822200878 -0,684424781 -0,599103546 0,822200878 -0,68442473 -0,599103479 0,822200847
-0,0143094285882296 -0,406307512234651 -0,913624346082769
-0,684424781 -0,599103546 0,822200878 -0,827690641 -0,594057977 0,822200878 -0,817362813 -0,5844916 0,817784756 -0,675666263 -0,5894819 0,817784756 -0,675666265 -0,589481896 0,817784754
-0,0129224567267527 -0,366925290708371 -0,93016065340925
-0,675666263 -0,5894819 0,817784756 -0,817362813 -0,5844916 0,817784756 -0,711338872 -0,478878834 0,774650181 -0,700517676 -0,469721254 0,770887407 -0,578544366 -0,474016938 0,770887407
-0,0127445645391988 -0,361874150355329 -0,932139836815976
-0,578544366 -0,474016938 0,770887407 -0,700517676 -0,469721254 0,770887407 -0,689187505 -0,460048679 0,766977422 -0,568867161 -0,464286148 0,766977422 -0,568867201 -0,464286195 0,766977441
-0,012569015430414 -0,35688954029731 -0,934062029994521
-0,568867161 -0,464286148 0,766977422 -0,689187505 -0,460048679 0,766977422 -0,679776907 -0,451945053 0,76375453 -0,560834966 -0,456133977 0,76375453 -0,560834967 -0,456133974 0,763754529
-0,0113139057883647 -0,321251466205221 -0,946926338738556
-0,560834966 -0,456133977 0,76375453 -0,679776907 -0,451945053 0,76375453 -0,677393597 -0,449760642 0,762984977 -0,558811142 -0,453936905 0,762984977 -0,558811127 -0,453936886 0,76298497
-0,0111585179524065 -0,316839323213597 -0,948413586333861
-0,558811142 -0,453936905 0,762984977 -0,677393597 -0,449760642 0,762984977 -0,665323809 -0,438611501 0,759118344 -0,548568732 -0,442723407 0,759118344 -0,548568737 -0,442723413 0,759118346
-0,0110052462231024 -0,31248726578199 -0,949858196406003
-0,548568732 -0,442723407 0,759118344 -0,665323809 -0,438611501 0,759118344 -0,569450678 -0,349365423 0,72864709 -0,549966008 -0,333936061 0,723345338 -0,45311865 -0,337346853 0,723345338
-0,0108406440831996 -0,307813488240139 -0,951384957256157
-0,45311865 -0,337346853 0,723345338 -0,549966008 -0,333936061 0,723345338 -0,529316836 -0,317457238 0,717778449 -0,435450774 -0,320763034 0,717778449
-0,0106784700314455 -0,30320865478289 -0,952864356528534
-0,435450774 -0,320763034 0,717778449 -0,529316836 -0,317457238 0,717778449 -0,507430254 -0,29985661 0,711932519 -0,416734929 -0,303050738 0,711932519 -0,416734938 -0,303050748 0,711932523
-0,0105186949185779 -0,298671937734687 -0,954297873133445
-0,416734929 -0,303050738 0,711932519 -0,507430254 -0,29985661 0,711932519 -0,484228359 -0,281056562 0,705792822 -0,396905688 -0,284131912 0,705792822 -0,39690564 -0,284131857 0,705792804
-0,0103612893650784 -0,294202502881998 -0,955686941932692
-0,396905688 -0,284131912 0,705792822 -0,484228359 -0,281056562 0,705792822 -0,468209774 -0,267979682 0,701593514 -0,383223414 -0,270972751 0,701593514 -0,383223412 -0,270972758 0,701593516
-0,00926830354511828 -0,263167836006408 -0,964705545045274
-0,383223414 -0,270972751 0,701593514 -0,468209774 -0,267979682 0,701593514 -0,459831429 -0,260771698 0,69954671 -0,376096601 -0,263720689 0,69954671 -0,376096516 -0,263720586 0,699546681
-0,00913065552093708 -0,259259404169019 -0,96576456369018
-0,376096601 -0,263720689 0,69954671 -0,459831429 -0,260771698 0,69954671 -0,417077294 -0,223743191 0,689202199 -0,385026343 -0,200185808 0,682575202 -0,316463389 -0,202600473 0,682575202
-0,00897958213346173 -0,254969767315143 -0,966907330027015
-0,316463389 -0,202600473 0,682575202 -0,385026343 -0,200185808 0,682575202 -0,350582573 -0,174694768 0,675533436 -0,287043693 -0,176932495 0,675533436 -0,287043745 -0,176932549 0,675533451
-0,00883101084240582 -0,250751175965656 -0,968011291772644
-0,287043693 -0,176932495 0,675533436 -0,350582573 -0,174694768 0,675533436 -0,313560827 -0,147109131 0,66804998 -0,255437692 -0,149156125 0,66804998 -0,255437695 -0,149156128 0,66804998
-0,00868490294903761 -0,246602531293631 -0,969077790489669
-0,255437692 -0,149156125 0,66804998 -0,313560827 -0,147109131 0,66804998 -0,273761559 -0,117254645 0,660096186 -0,22147718 -0,119096008 0,660096186 -0,221477162 -0,119095989 0,660096181
-0,00854121999251928 -0,242522741226996 -0,97010812157655
-0,22147718 -0,119096008 0,660096186 -0,273761559 -0,117254645 0,660096186 -0,255524551 -0,103483938 0,656493004 -0,226738821 -0,085090564 0,651641301 -0,18497977 -0,086561244 0,651641301 -0,184979785 -0,08656126 0,651641305
-0,00839992378037639 -0,238510721313693 -0,971103535725674
-0,18497977 -0,086561244 0,651641301 -0,226738821 -0,085090564 0,651641301 -0,209909109 -0,074270669 0,648838274 -0,20333247 -0,070934685 0,647962043 -0,168921785 -0,072146568 0,647962043
-0,00824091047372918 -0,233995635289281 -0,972202720660732
-0,168921785 -0,072146568 0,647962043 -0,20333247 -0,070934685 0,647962043 -0,181334183 -0,059692916 0,645069837 -0,158297262 -0,050461391 0,642652664 -0,141377126 -0,051057288 0,642652664 -0,141377147 -0,051057306 0,642652669
-0,00810480833853851 -0,230131098028539 -0,973125885896565
-0,141377126 -0,051057288 0,642652664 -0,158297262 -0,050461391 0,642652664 -0,127990857 -0,038234119 0,639508669 -0,122583928 -0,036577357 0,639071835
0,00810480833853851 0,230131098028539 -0,973125885896565
0,127990881 0,038234126 0,639508671 0,122583935 0,036577359 0,639071836 0,141377278 0,051057402 0,642652693 0,141377283 0,051057405 0,642652694 0,158297548 0,050461504 0,642652694
0,00824091047372918 0,233995635289281 -0,972202720660732
0,181334153 0,059692903 0,645069833 0,158297548 0,050461504 0,642652694 0,141377283 0,051057405 0,642652694 0,168921772 0,072146553 0,647962039 0,203332439 0,07093467 0,647962039
0,00839992378037639 0,238510721313693 -0,971103535725674
0,209909111 0,074270672 0,648838275 0,203332439 0,07093467 0,647962039 0,168921772 0,072146553 0,647962039 0,184979704 0,086561182 0,651641285 0,18497969 0,086561171 0,651641282 0,226738707 0,085090492 0,651641282
0,00854121999251928 0,242522741226996 -0,97010812157655
0,255524559 0,103483944 0,656493006 0,226738707 0,085090492 0,651641282 0,18497969 0,086561171 0,651641282 0,221477092 0,119095925 0,660096165 0,221477088 0,119095922 0,660096164 0,273761445 0,11725456 0,660096164
0,00868490294903761 0,246602531293631 -0,969077790489669
0,273761445 0,11725456 0,660096164 0,221477088 0,119095922 0,660096164 0,255437877 0,149156287 0,668050023 0,255437822 0,149156245 0,668050012 0,313560986 0,147109251 0,668050012
0,00883101084240582 0,250751175965656 -0,968011291772644
0,313560986 0,147109251 0,668050012 0,255437822 0,149156245 0,668050012 0,287043678 0,176932487 0,675533434 0,287043689 0,176932495 0,675533436 0,350582573 0,174694768 0,675533436
0,00897958213346173 0,254969767315143 -0,966907330027015
0,350582573 0,174694768 0,675533436 0,287043689 0,176932495 0,675533436 0,316463455 0,202600526 0,682575216 0,385026413 0,20018586 0,682575216
0,00913065552093708 0,259259404169019 -0,96576456369018
0,417077299 0,223743195 0,6892022 0,385026413 0,20018586 0,682575216 0,316463455 0,202600526 0,682575216 0,376096575 0,263720649 0,699546699 0,376096588 0,263720659 0,699546702 0,459831395 0,260771668 0,699546702
0,00926830354511828 0,263167836006408 -0,964705545045274
0,459831395 0,260771668 0,699546702 0,376096588 0,263720659 0,699546702 0,383223434 0,270972771 0,701593519 0,383223416 0,270972763 0,701593517 0,468209788 0,267979694 0,701593517
0,0103612893650784 0,294202502881998 -0,955686941932692
0,468209788 0,267979694 0,701593517 0,383223416 0,270972763 0,701593517 0,39690562 0,284131848 0,705792801 0,396905506 0,284131753 0,705792771 0,484228165 0,281056405 0,705792771
0,0105186949185779 0,298671937734687 -0,954297873133445
0,484228165 0,281056405 0,705792771 0,396905506 0,284131753 0,705792771 0,416734691 0,303050535 0,711932454 0,416734874 0,303050686 0,711932503 0,507430191 0,299856558 0,711932503
0,0106784700314455 0,30320865478289 -0,952864356528534
0,507430191 0,299856558 0,711932503 0,416734874 0,303050686 0,711932503 0,435450786 0,320763044 0,717778453 0,52931685 0,317457248 0,717778453
0,0108406440831996 0,307813488240139 -0,951384957256157
0,52931685 0,317457248 0,717778453 0,435450786 0,320763044 0,717778453 0,453118608 0,337346812 0,723345325 0,549965959 0,333936021 0,723345325
0,0110052462231024 0,31248726578199 -0,949858196406003
0,569450664 0,34936541 0,728647087 0,549965959 0,333936021 0,723345325 0,453118608 0,337346812 0,723345325 0,54856887 0,442723564 0,759118398 0,548568931 0,442723621 0,759118417 0,665324037 0,438611714 0,759118417
0,0111585179524065 0,316839323213597 -0,948413586333861
0,665324037 0,438611714 0,759118417 0,548568931 0,442723621 0,759118417 0,558811186 0,45393695 0,762984992 0,558811118 0,453936886 0,76298497 0,677393574 0,449760623 0,76298497
0,0113139057883647 0,321251466205221 -0,946926338738556
0,677393574 0,449760623 0,76298497 0,558811118 0,453936886 0,76298497 0,560834941 0,456133959 0,763754523 0,560834951 0,456133964 0,763754525 0,679776891 0,45194504 0,763754525
0,012569015430414 0,35688954029731 -0,934062029994521
0,679776891 0,45194504 0,763754525 0,560834951 0,456133964 0,763754525 0,568867153 0,464286145 0,766977421 0,568867158 0,464286149 0,766977423 0,689187505 0,46004868 0,766977423
0,0127445645391988 0,361874150355329 -0,932139836815976
0,689187505 0,46004868 0,766977423 0,568867158 0,464286149 0,766977423 0,578544444 0,474017014 0,770887438 0,700517764 0,46972133 0,770887438
0,0129224567267527 0,366925290708371 -0,93016065340925
0,711338884 0,478878847 0,774650186 0,700517764 0,46972133 0,770887438 0,578544444 0,474017014 0,770887438 0,675666287 0,589481911 0,81778476 0,67566629 0,589481912 0,817784761 0,817362826 0,584491612 0,817784761
0,0143094285882296 0,406307512234651 -0,913624346082769
0,817362826 0,584491612 0,817784761 0,67566629 0,589481912 0,817784761 0,684424836 0,599103596 0,8222009 0,827690694 0,594058027 0,8222009
0,0144963006923222 0,411613631850244 -0,911243148309654
0,827690694 0,594058027 0,8222009 0,684424836 0,599103596 0,8222009 0,689118991 0,604206313 0,824580502 0,689118995 0,604206317 0,824580504 0,833221319 0,599131289 0,824580504
0,0146854021869819 0,416983053653587 -0,908795616147182
0,833221319 0,599131289 0,824580504 0,689118995 0,604206317 0,824580504 0,693651541 0,609081221 0,8268905 0,838557082 0,603977905 0,8268905
0,0148767399934638 0,422415974169509 -0,906279993916665
0,843705494 0,608608085 0,829133133 0,838557082 0,603977905 0,8268905 0,693651541 0,609081221 0,8268905 0,752455724 0,68460049 0,863055218 0,752455688 0,684600472 0,863055209 0,909912718 0,679055115 0,863055209
0,0164318151723163 0,466571387040233 -0,884330897484361
0,909912718 0,679055115 0,863055209 0,752455688 0,684600472 0,863055209 0,797699019 0,737430384 0,891768845 0,797699126 0,737430489 0,891768902 0,963757135 0,731582221 0,891768902
0,0166346361471279 0,472330365129161 -0,881264611258846
0,963757135 0,731582221 0,891768902 0,797699126 0,737430489 0,891768902 0,799254956 0,73922497 0,892760055 0,965606785 0,733366354 0,892760055
0,0168395461855385 0,478148660907023 -0,878117468085612
0,967404352 0,735080576 0,893727948 0,965606785 0,733366354 0,892760055 0,799254956 0,73922497 0,892760055 0,807376357 0,750590536 0,899104527 0,807376363 0,750590539 0,899104528 0,975812366 0,744658522 0,899104528
0,0185786481294179 0,527529401722999 -0,849333600036792
0,975812366 0,744658522 0,899104528 0,807376363 0,750590539 0,899104528 0,840648888 0,792021012 0,925565216 1,015986005 0,78584595 0,925565216
0,0205065613025672 0,582271322433309 -0,812735866081539
1,015986005 0,78584595 0,925565216 0,840648888 0,792021012 0,925565216 0,861169687 0,81447197 0,942167609 0,861169686 0,81447197 0,942167609 1,040476564 0,808157101 0,942167609
0,0226652857276602 0,643566988109379 -0,7650541266072
1,040476564 0,808157101 0,942167609 0,861169686 0,81447197 0,942167609 0,872475879 0,82513304 0,951470704 1,053812107 0,818746701 0,951470704
0,0243749577774408 0,69211208500129 -0,721378349570123
1,053812107 0,818746701 0,951470704 0,872475879 0,82513304 0,951470704 0,905123357 0,852324106 0,978661769 1,091987512 0,845743082 0,978661769
0,0244611276074893 0,694558824859616 -0,719019952467106
1,169858477 0,910143862 1,043520806 1,092282004 0,845950075 0,978871738 1,091987512 0,845743082 0,978661769 0,905123357 0,852324106 0,978661769 2,426461588 2,373662337 2,5 2,626337671 2,366623056 2,5
