0 0,707106781186547 -0,707106781186547
-0,909404015 2,214465435 2,5 2,19311099 2,214465435 2,5 0,671772736 0,693127182 0,978661747 0,639125283 0,665936137 0,951470702
-0,707106781186547 0 -0,707106781186547
-2,785534574 -2,133272462 2,5 -2,785534574 0,779685934 2,5 -1,329055376 -0,676793264 1,043520802
0 0 1
-2,785534574 -2,133272462 2,5 -2,591134791 -2,180269568 2,5 -2,39298707 -2,207426155 2,5 -2,193111 -2,214465435 2,5 0,909404021 -2,214465435 2,5 1,108971255 -2,201315663 2,5 1,306195582 -2,168110867 2,5 1,499066876 -2,115189469 2,5 1,685619267 -2,043090877 2,5 1,863951344 -1,952549952 2,5 2,032245518 -1,844489506 2,5 2,188910941 -1,720167479 2,5 2,332382154 -1,580826143 2,5 2,461225693 -1,427857703 2,5 2,574154169 -1,262790607 2,5 2,67003929 -1,08727407 2,5 2,747922957 -0,903061875 2,5 2,785006515 -0,783180813 2,5 2,785357796 -0,781447893 2,5 2,785534574 -0,779686008 2,5 2,785534574 2,133272462 2,5 2,591134799 2,180269567 2,5 2,392987072 2,207426155 2,5 2,19311099 2,214465435 2,5 -0,909404015 2,214465435 2,5 -1,108971248 2,201315663 2,5 -1,306195588 2,168110865 2,5 -1,499066866 2,115189471 2,5 -1,685619244 2,043090884 2,5 -1,863951345 1,952549947 2,5 -2,032245544 1,844489485 2,5 -2,188910955 1,720167468 2,5 -2,332382147 1,580826152 2,5 -2,461225688 1,42785771 2,5 -2,57415418 1,262790591 2,5 -2,670039284 1,087274086 2,5 -2,747922956 0,903061879 2,5 -2,785006514 0,783180817 2,5 -2,785357782 0,781447957 2,5 -2,785534574 0,779685934 2,5
0,707106781186547 0 -0,707106781186547
2,785534574 -0,779686008 2,5 1,329055339 0,676793227 1,043520765 1,329055332 0,676793219 1,043520758 1,329055376 0,676793265 1,043520802 2,785534574 2,133272462 2,5
0 -0,707106781186547 -0,707106781186547
0,909404021 -2,214465435 2,5 -2,193111 -2,214465435 2,5 -0,671772743 -0,693127178 0,978661742 -0,639125285 -0,665936129 0,951470694
-0,671034639606385 0,0673280405228845 -0,738362680129269
-1,329055328 -0,676793226 1,043520762 -1,329055376 -0,676793264 1,043520802 -2,785534574 0,779685934 2,5 -2,785357782 0,781447957 2,5 -1,327994459 -0,675915366 1,042636677 -1,327994513 -0,675915412 1,042636722
0,671034639606385 -0,0673280405228845 -0,738362680129269
1,329055339 0,676793227 1,043520765 2,785534574 -0,779686008 2,5 2,785357796 -0,781447893 2,5 1,327994505 0,675915398 1,042636709 1,32799446 0,67591536 1,042636672
-0,634029525458902 0,12852414761932 -0,762553673078221
-1,327994459 -0,675915366 1,042636677 -2,785357782 0,781447957 2,5 -2,785006514 0,783180817 2,5 -1,326761665 -0,675064032 1,041755151
0,634029525458902 -0,12852414761932 -0,762553673078221
1,327994505 0,675915398 1,042636709 2,785357796 -0,781447893 2,5 2,785006515 -0,783180813 2,5 1,326761668 0,675064034 1,041755153
-0,596544643945104 0,184532882882685 -0,781077526827788
-1,227194642 -0,617666435 0,979271687 -1,326761665 -0,675064032 1,041755151 -2,785006514 0,783180817 2,5 -2,747922956 0,903061879 2,5
0,596544643945104 -0,184532882882685 -0,781077526827788
1,326761668 0,675064034 1,041755153 2,785006515 -0,783180813 2,5 2,747922957 -0,903061875 2,5 1,227194645 0,617666437 0,979271688
-0,558746883798014 0,236234393460878 -0,794981277258892
-1,065635411 -0,517129787 0,895596127 -1,073110497 -0,523003484 0,899104527 -1,127069632 -0,561582722 0,92556522 -1,15949007 -0,582393541 0,942167608 -1,176879385 -0,592216167 0,951470699 -1,226097463 -0,617123451 0,978661894 -1,226476705 -0,617314257 0,978871742 -1,226842367 -0,617495142 0,979074993 -1,227194642 -0,617666435 0,979271687 -2,747922956 0,903061879 2,5 -2,670039284 1,087274086 2,5
0,558746883798014 -0,236234393460878 -0,794981277258892
1,227194645 0,617666437 0,979271688 2,747922957 -0,903061875 2,5 2,67003929 -1,08727407 2,5 1,065635423 0,517129797 0,895596132 1,0731105 0,523003487 0,899104528 1,127069618 0,561582713 0,925565213 1,159490072 0,582393542 0,942167609 1,1768794 0,592216175 0,951470707 1,226097406 0,617123422 0,978661862 1,226476637 0,617314223 0,978871704 1,226842445 0,617495181 0,979075036
-0,520614634656076 0,284413071161727 -0,805027705817803
-0,907578913 -0,403784676 0,833424733 -0,984986803 -0,461610124 0,863055225 -1,056276798 -0,510831866 0,891768905 -1,058722318 -0,51250302 0,892760021 -1,061095927 -0,514108176 0,893727948 -1,063399469 -0,515649563 0,894673092 -1,065635411 -0,517129787 0,895596127 -2,670039284 1,087274086 2,5 -2,57415418 1,262790591 2,5
0,520614634656076 -0,284413071161727 -0,805027705817803
1,065635423 0,517129797 0,895596132 2,67003929 -1,08727407 2,5 2,574154169 -1,262790607 2,5 0,907578896 0,403784666 0,833424727 0,984986758 0,461610094 0,863055208 1,056276865 0,510831913 0,891768933 1,058722413 0,512503087 0,89276006 1,06109589 0,514108153 0,893727933 1,063399512 0,515649594 0,89467311
-0,48199852418276 0,329752931959796 -0,811751456142556
-0,742982945 -0,290385033 0,781757257 -0,860276321 -0,373143537 0,817784756 -0,873838478 -0,382096178 0,822200862 -0,881093148 -0,386842377 0,82458049 -0,888084405 -0,391374917 0,826890504 -0,894822663 -0,395703478 0,829133155 -0,901317575 -0,399837083 0,831310508 -0,907578913 -0,403784676 0,833424733 -2,57415418 1,262790591 2,5 -2,461225688 1,42785771 2,5
0,48199852418276 -0,329752931959796 -0,811751456142556
0,907578896 0,403784666 0,833424727 2,574154169 -1,262790607 2,5 2,461225693 -1,427857703 2,5 0,742982952 0,290385038 0,781757259 0,860276334 0,373143546 0,81778476 0,873838595 0,382096256 0,8222009 0,881093118 0,386842359 0,82458048 0,88808447 0,39137496 0,826890525 0,894822599 0,395703438 0,829133133 0,901317671 0,399837144 0,83131054
-0,442656609678255 0,37284451886717 -0,815501128545425
-0,570889361 -0,180666633 0,738507215 -0,656400222 -0,23710723 0,759118321 -0,672301308 -0,247528351 0,762984978 -0,675438304 -0,249569527 0,76375453 -0,687738781 -0,257123937 0,766977416 -0,702534492 -0,266137931 0,770887406 -0,716652273 -0,274669042 0,774650186 -0,730124692 -0,282743187 0,778271584 -0,742982945 -0,290385033 0,781757257 -2,461225688 1,42785771 2,5 -2,332382147 1,580826152 2,5
0,442656609678255 -0,37284451886717 -0,815501128545425
0,742982952 0,290385038 0,781757259 2,461225693 -1,427857703 2,5 2,332382154 -1,580826143 2,5 0,570889372 0,18066664 0,738507218 0,656400586 0,23710747 0,759118409 0,67230114 0,247528242 0,762984937 0,675438278 0,249569511 0,763754524 0,687738894 0,257124006 0,766977446 0,70253464 0,266138021 0,770887445 0,716652241 0,274669023 0,774650177 0,73012462 0,282743145 0,778271564
-0,402272395157995 0,414195168491665 -0,81646756364966
-0,390504467 -0,07823902 0,701593512 -0,39068301 -0,07876437 0,701414969 -0,391647035 -0,07934871 0,701593506 -0,412656716 -0,091475736 0,705792888 -0,443063003 -0,108904176 0,711932549 -0,471722528 -0,125215255 0,717778422 -0,498740197 -0,140481697 0,723345301 -0,524213995 -0,15477119 0,728647124 -0,548234758 -0,16814636 0,733696877 -0,570889361 -0,180666633 0,738507215 -2,332382147 1,580826152 2,5 -2,188910955 1,720167468 2,5
0,402272395157995 -0,414195168491665 -0,81646756364966
0,570889372 0,18066664 0,738507218 2,332382154 -1,580826143 2,5 2,188910941 -1,720167479 2,5 0,39050446 0,078239002 0,701593519 0,39068301 0,078764371 0,701414969 0,391647079 0,079348738 0,701593515 0,412656175 0,091475427 0,70579278 0,44306282 0,108904072 0,711932513 0,471722649 0,125215324 0,717778448 0,498740252 0,140481728 0,723345313 0,524214018 0,154771204 0,72864713 0,548234764 0,168146364 0,733696879
-0,360461274349256 0,454238236979875 -0,814699511329131
-0,296000069 0,108244009 0,763754524 -0,358161075 -0,052572874 0,701593518 -0,358161094 -0,052572899 0,701593512 -0,390504467 -0,07823902 0,701593512 -2,188910955 1,720167468 2,5 -2,032245544 1,844489485 2,5
0,360461274349256 -0,454238236979875 -0,814699511329131
2,188910941 -1,720167479 2,5 2,032245518 -1,844489506 2,5 0,296000048 -0,108244036 0,76375453 0,358161059 0,052572859 0,701593519 0,39050446 0,078239002 0,701593519
0,317486495248822 -0,400083215949053 -0,859730042310075
0,378543269 0,073145603 0,699546675 0,39068301 0,078764371 0,701414969 0,39050446 0,078239002 0,701593519 0,358161059 0,052572859 0,701593519 0,362631988 0,06572825 0,69712259
-0,317486495248822 0,400083215949053 -0,859730042310075
-0,362632012 -0,065728259 0,697122594 -0,378543394 -0,073145659 0,699546694 -0,39068301 -0,07876437 0,701414969 -0,390504467 -0,07823902 0,701593512 -0,358161094 -0,052572899 0,701593512
-0,316769062721123 0,49333858521356 -0,810107647934683
-0,181736099 0,270334701 0,817784754 -0,235766334 0,146919636 0,763754519 -0,235766317 0,146919656 0,763754524 -0,296000069 0,108244009 0,763754524 -2,032245544 1,844489485 2,5 -1,863951345 1,952549947 2,5
0,316769062721123 -0,49333858521356 -0,810107647934683
2,032245518 -1,844489506 2,5 1,863951344 -1,952549952 2,5 0,181736099 -0,270334707 0,817784755 0,235766323 -0,146919666 0,76375453 0,296000048 -0,108244036 0,76375453
0,281702340321618 -0,438725400870244 -0,853325151444962
0,296000048 -0,108244036 0,76375453 0,235766323 -0,146919666 0,76375453 0,235766318 -0,146919661 0,763754526 0,297927325 0,013897223 0,701593519 0,358161059 0,052572859 0,701593519
0,247991123449506 -0,3862232913061 -0,888443567112135
0,349404304 0,06110612 0,695439677 0,362631988 0,06572825 0,69712259 0,358161059 0,052572859 0,701593519 0,297927325 0,013897223 0,701593519 0,309146717 0,046909491 0,690374126
-0,247991123449506 0,3862232913061 -0,888443567112135
-0,309146717 -0,046909493 0,690374126 -0,349404074 -0,06110604 0,695439648 -0,362632012 -0,065728259 0,697122594 -0,358161094 -0,052572899 0,701593512 -0,358161075 -0,052572874 0,701593518 -0,297927326 -0,013897228 0,701593518
-0,281702340321618 0,438725400870244 -0,853325151444962
-0,297927323 -0,013897224 0,701593519 -0,297927326 -0,013897228 0,701593518 -0,358161075 -0,052572874 0,701593518 -0,296000069 0,108244009 0,763754524 -0,235766317 0,146919656 0,763754524
-0,270189957354148 0,53217411262622 -0,802364069980367
-0,048674465 0,406146105 0,863055221 -0,093944931 0,31490713 0,817784755 -0,093944935 0,314907126 0,817784754 -0,181736099 0,270334701 0,817784754 -1,863951345 1,952549947 2,5 -1,685619244 2,043090884 2,5
0,270189957354148 -0,53217411262622 -0,802364069980367
1,863951344 -1,952549952 2,5 1,685619267 -2,043090877 2,5 0,048674485 -0,406146094 0,863055218 0,093944947 -0,314907126 0,817784755 0,181736099 -0,270334707 0,817784755
0,241666958927551 -0,475994373283735 -0,845592358979747
0,181736099 -0,270334707 0,817784755 0,093944947 -0,314907126 0,817784755 0,093944934 -0,314907114 0,817784744 0,147975153 -0,191492087 0,763754526 0,235766318 -0,146919661 0,763754526 0,235766323 -0,146919666 0,76375453
0,214899023106485 -0,423271457036557 -0,880147535090583
0,235766318 -0,146919661 0,763754526 0,147975153 -0,191492087 0,763754526 0,147975169 -0,191492101 0,763754537 0,210136179 -0,030675211 0,701593528 0,210136214 -0,030675175 0,701593519 0,297927325 0,013897223 0,701593519
0,189401357317187 -0,3730505021264 -0,908273333699525
0,297952685 0,044079542 0,689202176 0,309146717 0,046909491 0,690374126 0,297927325 0,013897223 0,701593519 0,210136214 -0,030675175 0,701593519 0,212183093 -0,024652376 0,699546639 0,235938057 0,028230462 0,682779938
-0,189401357317187 0,3730505021264 -0,908273333699525
-0,212183007 0,02465253 0,699546685 -0,235938039 -0,028230459 0,682779937 -0,297952719 -0,044079552 0,68920218 -0,309146717 -0,046909493 0,690374126 -0,297927326 -0,013897228 0,701593518 -0,297927323 -0,013897224 0,701593519 -0,210136173 0,030675193 0,701593519
-0,214899023106485 0,423271457036557 -0,880147535090583
-0,210136188 0,030675179 0,701593515 -0,210136173 0,030675193 0,701593519 -0,297927323 -0,013897224 0,701593519 -0,235766317 0,146919656 0,763754524 -0,235766334 0,146919636 0,763754519 -0,147975184 0,191492055 0,763754519
-0,241666958927551 0,475994373283735 -0,845592358979747
-0,147975165 0,191492074 0,763754524 -0,147975184 0,191492055 0,763754519 -0,235766334 0,146919636 0,763754519 -0,181736099 0,270334701 0,817784754 -0,093944935 0,314907126 0,817784754
-0,22051455246305 0,570573098468382 -0,791087650931432
0,101828619 0,514293986 0,899104515 0,065779325 0,450380097 0,863055221 0,065779327 0,450380098 0,863055221 -0,048674465 0,406146105 0,863055221 -1,685619244 2,043090884 2,5 -1,499066866 2,115189471 2,5
0,22051455246305 -0,570573098468382 -0,791087650931432
1,685619267 -2,043090877 2,5 1,499066876 -2,115189469 2,5 -0,101828603 -0,514293989 0,899104521 -0,0657793 -0,450380085 0,863055218 0,048674485 -0,406146094 0,863055218
0,198186239304112 -0,512799429200898 -0,835319675311031
0,048674485 -0,406146094 0,863055218 -0,0657793 -0,450380085 0,863055218 -0,065779304 -0,450380081 0,863055214 -0,020508835 -0,359141099 0,817784744 0,093944934 -0,314907114 0,817784744 0,093944947 -0,314907126 0,817784755
0,177316531325159 -0,458799845895952 -0,870667301054004
0,093944934 -0,314907114 0,817784744 -0,020508835 -0,359141099 0,817784744 -0,020508821 -0,359141112 0,817784754 0,033521396 -0,235726087 0,763754537 0,147975169 -0,191492101 0,763754537 0,147975153 -0,191492087 0,763754526
0,157883273369839 -0,408517022920991 -0,898992054455319
0,147975169 -0,191492101 0,763754537 0,033521396 -0,235726087 0,763754537 0,033521378 -0,235726071 0,763754526 0,038157504 -0,22373194 0,759118401 0,111449818 -0,078056432 0,705792797 0,118962104 -0,065912081 0,701593528 0,210136179 -0,030675211 0,701593528
0,139438218213547 -0,360791137466293 -0,922164160237867
0,210136214 -0,030675175 0,701593519 0,210136179 -0,030675211 0,701593528 0,118962104 -0,065912081 0,701593528 0,118962094 -0,065912067 0,701593521 0,12278383 -0,059203319 0,699546639 0,212183093 -0,024652376 0,699546639
0,137129555903121 -0,354817560697486 -0,924824298728412
0,233523673 0,027830978 0,682575208 0,235938057 0,028230462 0,682779938 0,212183093 -0,024652376 0,699546639 0,12278383 -0,059203319 0,699546639 0,122783795 -0,059203396 0,699546663 0,164963193 0,015632202 0,677089487 0,198289202 0,021918283 0,679619231
-0,137129555903121 0,354817560697486 -0,924824298728412
-0,16496319 -0,0156322 0,677089487 -0,198289204 -0,021918283 0,679619231 -0,233523897 -0,027831015 0,682575227 -0,235938039 -0,028230459 0,682779937 -0,212183007 0,02465253 0,699546685 -0,122783751 0,05920347 0,699546685
-0,139438218213547 0,360791137466293 -0,922164160237867
-0,122783743 0,059203482 0,699546688 -0,122783751 0,05920347 0,699546685 -0,212183007 0,02465253 0,699546685 -0,210136173 0,030675193 0,701593519 -0,210136188 0,030675179 0,701593515 -0,11896211 0,06591205 0,701593515
-0,157883273369839 0,408517022920991 -0,898992054455319
-0,038157539 0,223731851 0,759118367 -0,111449831 0,07805639 0,70579278 -0,118962108 0,065912051 0,701593515 -0,11896211 0,06591205 0,701593515 -0,210136188 0,030675179 0,701593515 -0,147975184 0,191492055 0,763754519 -0,147975165 0,191492074 0,763754524 -0,033521382 0,235726064 0,763754524
-0,177316531325159 0,458799845895952 -0,870667301054004
-0,033521376 0,235726069 0,763754526 -0,033521382 0,235726064 0,763754524 -0,147975165 0,191492074 0,763754524 -0,093944935 0,314907126 0,817784754 -0,093944931 0,31490713 0,817784755 0,020508853 0,359141121 0,817784755
-0,198186239304112 0,512799429200898 -0,835319675311031
0,020508864 0,35914113 0,817784758 0,020508853 0,359141121 0,817784755 -0,093944931 0,31490713 0,817784755 -0,048674465 0,406146105 0,863055221 0,065779327 0,450380098 0,863055221
-0,167006758992386 0,608653796901007 -0,775660555893393
0,268239197 0,59367608 0,925565215 0,241778499 0,552694432 0,899104517 0,241778492 0,552694427 0,899104515 0,101828619 0,514293986 0,899104515 -1,499066866 2,115189471 2,5 -1,306195588 2,168110865 2,5
0,167006758992386 -0,608653796901007 -0,775660555893393
1,499066876 -2,115189469 2,5 1,306195582 -2,168110867 2,5 -0,268239202 -0,593676083 0,925565216 -0,241778507 -0,55269444 0,899104521 -0,101828603 -0,514293989 0,899104521
0,150566743452993 -0,548738390246001 -0,822323436876384
-0,101828603 -0,514293989 0,899104521 -0,241778507 -0,55269444 0,899104521 -0,241778509 -0,552694437 0,899104519 -0,205729204 -0,48878053 0,863055214 -0,065779304 -0,450380081 0,863055214 -0,0657793 -0,450380085 0,863055218
0,135403149829061 -0,493474885406111 -0,859155704450477
-0,065779304 -0,450380081 0,863055214 -0,205729204 -0,48878053 0,863055214 -0,205729182 -0,488780554 0,863055231 -0,164874794 -0,406441826 0,822200842 -0,159084789 -0,397164572 0,817784754 -0,020508821 -0,359141112 0,817784754 -0,020508835 -0,359141099 0,817784744
0,121327391887356 -0,442175982492435 -0,888684457208891
-0,020508821 -0,359141112 0,817784754 -0,159084789 -0,397164572 0,817784754 -0,159084794 -0,397164565 0,81778475 -0,08674663 -0,268726063 0,763754526 0,033521378 -0,235726071 0,763754526 0,033521396 -0,235726087 0,763754537
0,108258743274551 -0,394547475439546 -0,912475936191687
0,033521378 -0,235726071 0,763754526 -0,08674663 -0,268726063 0,763754526 -0,086746627 -0,268726067 0,763754528 -0,085692321 -0,266657121 0,762985018 -0,078848532 -0,255836888 0,759118401 0,038157504 -0,22373194 0,759118401
0,106644922364125 -0,388665927707135 -0,915186132529062
0,038157504 -0,22373194 0,759118401 -0,078848532 -0,255836888 0,759118401 -0,078848468 -0,255836761 0,759118354 0,005094074 -0,121696159 0,711932504 0,018765517 -0,103487811 0,705792797 0,111449818 -0,078056432 0,705792797
0,104908320288458 -0,38233690573558 -0,918048329254401
0,111449818 -0,078056432 0,705792797 0,018765517 -0,103487811 0,705792797 0,01876551 -0,103487822 0,705792801 0,02818211 -0,090820925 0,701593521 0,118962094 -0,065912067 0,701593521 0,118962104 -0,065912081 0,701593528
0,0929094802356537 -0,338607301014133 -0,936329495520816
0,118962094 -0,065912067 0,701593521 0,02818211 -0,090820925 0,701593521 0,028182102 -0,090820908 0,701593514 0,033023932 -0,083832346 0,699546663 0,122783795 -0,059203396 0,699546663 0,12278383 -0,059203319 0,699546639
0,0914073412676049 -0,333132776558403 -0,938438730629164
0,108984074 0,009352197 0,673866233 0,138083562 0,01264016 0,675533447 0,164963193 0,015632202 0,677089487 0,122783795 -0,059203396 0,699546663 0,033023932 -0,083832346 0,699546663 0,033023856 -0,083832482 0,699546704 0,095689449 0,007440772 0,673249817
-0,0914073412676049 0,333132776558403 -0,938438730629164
-0,095689443 -0,00744077 0,673249817 -0,108984073 -0,009352196 0,673866232 -0,138083454 -0,012640147 0,675533441 -0,16496319 -0,0156322 0,677089487 -0,122783751 0,05920347 0,699546685 -0,122783743 0,059203482 0,699546688 -0,033023886 0,083832431 0,699546688
-0,0929094802356537 0,338607301014133 -0,936329495520816
-0,033023914 0,083832395 0,699546679 -0,033023886 0,083832431 0,699546688 -0,122783743 0,059203482 0,699546688 -0,11896211 0,06591205 0,701593515 -0,118962108 0,065912051 0,701593515 -0,028182115 0,090820912 0,701593515
-0,104908320288458 0,38233690573558 -0,918048329254401
-0,028182099 0,090820923 0,701593518 -0,028182115 0,090820912 0,701593515 -0,118962108 0,065912051 0,701593515 -0,111449831 0,07805639 0,70579278 -0,018765539 0,103487765 0,70579278
-0,106644922364125 0,388665927707135 -0,915186132529062
-0,005094137 0,12169606 0,711932469 -0,01876554 0,103487764 0,70579278 -0,018765539 0,103487765 0,70579278 -0,111449831 0,07805639 0,70579278 -0,038157539 0,223731851 0,759118367 0,07884849 0,255836798 0,759118367
-0,108258743274551 0,394547475439546 -0,912475936191687
0,085692292 0,266657041 0,762984988 0,078848532 0,255836854 0,759118386 0,07884849 0,255836798 0,759118367 -0,038157539 0,223731851 0,759118367 -0,033521382 0,235726064 0,763754524 -0,033521376 0,235726069 0,763754526 0,086746637 0,268726062 0,763754526
-0,121327391887356 0,442175982492435 -0,888684457208891
0,086746637 0,268726062 0,763754526 -0,033521376 0,235726069 0,763754526 0,020508853 0,359141121 0,817784755 0,020508864 0,35914113 0,817784758 0,159084812 0,397164585 0,817784758
-0,135403149829061 0,493474885406111 -0,859155704450477
0,164874863 0,406441916 0,822200883 0,159084809 0,397164583 0,817784758 0,159084812 0,397164585 0,817784758 0,020508864 0,35914113 0,817784758 0,065779327 0,450380098 0,863055221 0,065779325 0,450380097 0,863055221 0,205729201 0,48878054 0,863055221
-0,150566743452993 0,548738390246001 -0,822323436876384
0,205729198 0,488780538 0,86305522 0,205729201 0,48878054 0,863055221 0,065779325 0,450380097 0,863055221 0,101828619 0,514293986 0,899104515 0,241778492 0,552694427 0,899104515
-0,108825742097801 0,646385044467868 -0,755210786565669
0,44886114 0,643483275 0,942167612 0,432258741 0,621290498 0,925565213 0,432258747 0,621290501 0,925565215 0,268239197 0,59367608 0,925565215 -1,306195588 2,168110865 2,5 -1,108971248 2,201315663 2,5
0,108825742097801 -0,646385044467868 -0,755210786565669
1,306195582 -2,168110867 2,5 1,108971255 -2,201315663 2,5 -0,448861136 -0,643483272 0,942167609 -0,432258742 -0,621290503 0,925565216 -0,268239202 -0,593676083 0,925565216
0,0982921040734051 -0,583819093144619 -0,805911861655242
-0,268239202 -0,593676083 0,925565216 -0,432258742 -0,621290503 0,925565216 -0,432258743 -0,621290502 0,925565216 -0,405798046 -0,580308857 0,899104519 -0,241778509 -0,552694437 0,899104519 -0,241778507 -0,55269444 0,899104521
0,0886958845459212 -0,526821064310396 -0,845335794973499
-0,241778509 -0,552694437 0,899104519 -0,405798046 -0,580308857 0,899104519 -0,405798036 -0,580308868 0,899104526 -0,398462427 -0,56730314 0,891768917 -0,361622639 -0,515026862 0,863055231 -0,205729182 -0,488780554 0,863055231 -0,205729204 -0,48878053 0,863055214
0,0799006366123478 -0,474580513342781 -0,876578133781721
-0,205729182 -0,488780554 0,863055231 -0,361622639 -0,515026862 0,863055231 -0,361622647 -0,51502685 0,863055224 -0,311307281 -0,435490571 0,824580458 -0,307421716 -0,430441105 0,822200842 -0,164874794 -0,406441826 0,822200842
0,0788168538878024 -0,468143240955801 -0,880130563888465
-0,164874794 -0,406441826 0,822200842 -0,307421716 -0,430441105 0,822200842 -0,307421725 -0,430441119 0,822200849 -0,300180308 -0,420919483 0,81778475 -0,159084794 -0,397164565 0,81778475 -0,159084789 -0,397164572 0,817784754
0,0707773518661871 -0,420391543870462 -0,904578087455704
-0,159084794 -0,397164565 0,81778475 -0,300180308 -0,420919483 0,81778475 -0,300180307 -0,420919485 0,817784751 -0,21397042 -0,297080432 0,766977436 -0,207255628 -0,289015028 0,763754528 -0,086746627 -0,268726067 0,763754528 -0,08674663 -0,268726063 0,763754526
0,0633184054395211 -0,376088134357748 -0,924417922115265
-0,086746627 -0,268726067 0,763754528 -0,207255628 -0,289015028 0,763754528 -0,207255627 -0,28901503 0,763754529 -0,205575485 -0,286840716 0,762985018 -0,085692321 -0,266657121 0,762985018
0,0623975453486068 -0,370618562734892 -0,926686801077253
-0,085692321 -0,266657121 0,762985018 -0,205575485 -0,286840716 0,762985018 -0,205575406 -0,286840591 0,762984973 -0,197079571 -0,275742215 0,759118354 -0,078848468 -0,255836761 0,759118354 -0,078848532 -0,255836888 0,759118401
0,0614899317146744 -0,365227670214244 -0,928885212072837
-0,078848468 -0,255836761 0,759118354 -0,197079571 -0,275742215 0,759118354 -0,19707959 -0,275742246 0,759118365 -0,105667387 -0,15521205 0,717778454 -0,089944527 -0,13769691 0,711932504 0,005094074 -0,121696159 0,711932504
0,0605140929072714 -0,359431545154515 -0,931207285682113
0,005094074 -0,121696159 0,711932504 -0,089944527 -0,13769691 0,711932504 -0,089944506 -0,137696883 0,711932495 -0,073298936 -0,118987843 0,705792801 0,01876551 -0,103487822 0,705792801 0,018765517 -0,103487811 0,705792797
0,0595535641421619 -0,353726356137839 -0,933451143858859
0,01876551 -0,103487822 0,705792801 -0,073298936 -0,118987843 0,705792801 -0,073298937 -0,118987844 0,705792801 -0,06182208 -0,105974062 0,701593514 0,028182102 -0,090820908 0,701593514 0,02818211 -0,090820925 0,701593521
0,0529109750434001 -0,314271810115757 -0,947857403878095
0,028182102 -0,090820908 0,701593514 -0,06182208 -0,105974062 0,701593514 -0,061822078 -0,105974069 0,701593516 -0,055876665 -0,098799822 0,699546704 0,033023856 -0,083832482 0,699546704 0,033023932 -0,083832346 0,699546663
0,0520782636135485 -0,309325809250173 -0,949529040203997
0,03673386 0,002831269 0,671517941 0,095689449 0,007440772 0,673249817 0,033023856 -0,083832482 0,699546704 -0,055876665 -0,098799822 0,699546704 -0,055876671 -0,098799831 0,699546707 0,014461316 -0,013244823 0,675533442 0,029140145 0,001920086 0,671398287
-0,0520782636135485 0,309325809250173 -0,949529040203997
-0,014461268 0,013244886 0,675533459 -0,029140157 -0,001920087 0,671398287 -0,036733858 -0,002831268 0,671517941 -0,095689443 -0,00744077 0,673249817 -0,033023886 0,083832431 0,699546688 -0,033023914 0,083832395 0,699546679 0,055876587 0,098799733 0,699546679
-0,0529109750434001 0,314271810115757 -0,947857403878095
0,055876612 0,098799759 0,699546686 0,055876587 0,098799733 0,699546679 -0,033023914 0,083832395 0,699546679 -0,028182115 0,090820912 0,701593515 -0,028182099 0,090820923 0,701593518 0,061822084 0,105974077 0,701593518
-0,0595535641421619 0,353726356137839 -0,933451143858859
0,061822096 0,105974084 0,70159352 0,061822084 0,105974077 0,701593518 -0,028182099 0,090820923 0,701593518 -0,018765539 0,103487765 0,70579278 -0,01876554 0,103487764 0,70579278 0,073298877 0,11898778 0,70579278
-0,0605140929072714 0,359431545154515 -0,931207285682113
0,073298855 0,118987758 0,705792773 0,073298877 0,11898778 0,70579278 -0,01876554 0,103487764 0,70579278 -0,005094137 0,12169606 0,711932469 0,089944431 0,137696805 0,711932469
-0,0614899317146744 0,365227670214244 -0,928885212072837
0,105667376 0,155212044 0,717778452 0,089944395 0,13769677 0,711932458 0,089944431 0,137696805 0,711932469 -0,005094137 0,12169606 0,711932469 0,07884849 0,255836798 0,759118367 0,078848532 0,255836854 0,759118386 0,197079629 0,275742306 0,759118386
-0,0623975453486068 0,370618562734892 -0,926686801077253
0,197079684 0,275742368 0,759118407 0,197079629 0,275742306 0,759118386 0,078848532 0,255836854 0,759118386 0,085692292 0,266657041 0,762984988 0,205575434 0,286840632 0,762984988
-0,0633184054395211 0,376088134357748 -0,924417922115265
0,205575394 0,286840588 0,762984972 0,205575434 0,286840632 0,762984988 0,085692292 0,266657041 0,762984988 0,086746637 0,268726062 0,763754526 0,207255629 0,289015023 0,763754526
-0,0707773518661871 0,420391543870462 -0,904578087455704
0,213970391 0,297080388 0,766977419 0,207255632 0,289015024 0,763754527 0,207255629 0,289015023 0,763754526 0,086746637 0,268726062 0,763754526 0,159084812 0,397164585 0,817784758 0,159084809 0,397164583 0,817784758 0,300180319 0,4209195 0,817784758
-0,0788168538878024 0,468143240955801 -0,880130563888465
0,300180316 0,420919499 0,817784757 0,300180319 0,4209195 0,817784758 0,159084809 0,397164583 0,817784758 0,164874863 0,406441916 0,822200883 0,307421778 0,430441193 0,822200883
-0,0799006366123478 0,474580513342781 -0,876578133781721
0,311307426 0,435490768 0,82458055 0,30742177 0,430441184 0,822200879 0,307421778 0,430441193 0,822200883 0,164874863 0,406441916 0,822200883 0,205729201 0,48878054 0,863055221 0,205729198 0,488780538 0,86305522 0,361622665 0,515026848 0,86305522
-0,0886958845459212 0,526821064310396 -0,845335794973499
0,398462312 0,567302929 0,891768798 0,361622661 0,515026845 0,863055218 0,361622665 0,515026848 0,86305522 0,205729198 0,488780538 0,86305522 0,241778492 0,552694427 0,899104515 0,241778499 0,552694432 0,899104517 0,40579803 0,58030885 0,899104517
-0,0982921040734051 0,583819093144619 -0,805911861655242
0,405798057 0,580308867 0,899104525 0,40579803 0,58030885 0,899104517 0,241778499 0,552694432 0,899104517 0,268239197 0,59367608 0,925565215 0,432258747 0,621290501 0,925565215
-0,0450375545397156 0,68351147279795 -0,728549027337666
0,639125283 0,665936137 0,951470702 0,627819095 0,655275071 0,942167611 0,627819097 0,655275072 0,942167612 0,44886114 0,643483275 0,942167612 -1,108971248 2,201315663 2,5 -0,909404015 2,214465435 2,5
0,0450375545397156 -0,68351147279795 -0,728549027337666
1,108971255 -2,201315663 2,5 0,909404021 -2,214465435 2,5 -0,639125285 -0,665936129 0,951470694 -0,639125283 -0,665936137 0,951470702 -0,627819093 -0,65527507 0,942167609 -0,448861136 -0,643483272 0,942167609
0,0407129197954978 -0,617878747097294 -0,785218639645802
-0,448861136 -0,643483272 0,942167609 -0,627819093 -0,65527507 0,942167609 -0,627819092 -0,655275072 0,942167611 -0,607298291 -0,63282411 0,925565216 -0,432258743 -0,621290502 0,925565216 -0,432258742 -0,621290503 0,925565216
0,0368155535307314 -0,558730452237846 -0,828531771726539
-0,432258743 -0,621290502 0,925565216 -0,607298291 -0,63282411 0,925565216 -0,60729829 -0,632824112 0,925565217 -0,574025761 -0,591393634 0,899104526 -0,405798036 -0,580308868 0,899104526 -0,405798046 -0,580308857 0,899104519
0,0332869185992441 -0,505178200486249 -0,862372869937154
-0,405798036 -0,580308868 0,899104526 -0,574025761 -0,591393634 0,899104526 -0,574025762 -0,591393632 0,899104525 -0,56590437 -0,58002808 0,892760062 -0,564348554 -0,578233615 0,891768917 -0,398462427 -0,56730314 0,891768917
0,0328707510009484 -0,498862241927907 -0,866057721694863
-0,398462427 -0,56730314 0,891768917 -0,564348554 -0,578233615 0,891768917 -0,564348539 -0,578233593 0,891768905 -0,519105136 -0,525403598 0,863055224 -0,361622647 -0,51502685 0,863055224 -0,361622639 -0,515026862 0,863055231
0,0296791678828626 -0,450425249735621 -0,892320705460982
-0,361622647 -0,51502685 0,863055224 -0,519105136 -0,525403598 0,863055224 -0,519105138 -0,525403594 0,863055222 -0,460300988 -0,449884365 0,826890523 -0,455768305 -0,445009316 0,824580458 -0,311307281 -0,435490571 0,824580458
0,0292863794776624 -0,444464104995854 -0,895317802429575
-0,311307281 -0,435490571 0,824580458 -0,455768305 -0,445009316 0,824580458 -0,455768297 -0,445009305 0,824580453 -0,451074139 -0,439906583 0,822200849 -0,307421725 -0,430441119 0,822200849 -0,307421716 -0,430441105 0,822200842
0,0288982521521192 -0,438573699030734 -0,898230483529173
-0,307421725 -0,430441119 0,822200849 -0,451074139 -0,439906583 0,822200849 -0,442315674 -0,430284989 0,817784751 -0,300180307 -0,420919485 0,817784751 -0,300180308 -0,420919483 0,81778475
0,0260197598977526 -0,39488832356292 -0,918360595849217
-0,300180307 -0,420919485 0,817784751 -0,442315674 -0,430284989 0,817784751 -0,442315671 -0,430284997 0,817784755 -0,345193808 -0,314820075 0,770887422 -0,335516594 -0,305089284 0,766977436 -0,21397042 -0,297080432 0,766977436
0,0256507173467859 -0,389287557266564 -0,920759055593279
-0,21397042 -0,297080432 0,766977436 -0,335516594 -0,305089284 0,766977436 -0,335516591 -0,30508928 0,766977435 -0,327484365 -0,296937075 0,763754529 -0,207255627 -0,28901503 0,763754529 -0,207255628 -0,289015028 0,763754528
0,0230160123740823 -0,349302014208434 -0,936727476934635
-0,207255627 -0,28901503 0,763754529 -0,327484365 -0,296937075 0,763754529 -0,327484364 -0,296937078 0,76375453 -0,325460532 -0,294739995 0,762984973 -0,205575406 -0,286840591 0,762984973 -0,205575485 -0,286840716 0,762985018
0,0226903996853682 -0,344360360277637 -0,93856331061446
-0,205575406 -0,286840591 0,762984973 -0,325460532 -0,294739995 0,762984973 -0,325460509 -0,294739964 0,762984963 -0,315218192 -0,283526568 0,759118365 -0,19707959 -0,275742246 0,759118365 -0,197079571 -0,275742215 0,759118354
0,0223693677227688 -0,339488225637687 -0,940344275274252
-0,19707959 -0,275742246 0,759118365 -0,315218192 -0,283526568 0,759118365 -0,315218191 -0,283526567 0,759118365 -0,219768028 -0,178149925 0,723345329 -0,202100196 -0,161566147 0,717778454 -0,105667387 -0,15521205 0,717778454
0,0220244270622945 -0,334253241161327 -0,942225925872201
-0,105667387 -0,15521205 0,717778454 -0,202100196 -0,161566147 0,717778454 -0,202100111 -0,161566052 0,717778422 -0,183384272 -0,143853764 0,711932495 -0,089944506 -0,137696883 0,711932495 -0,089944527 -0,13769691 0,711932504
0,0216847582514723 -0,329098264797237 -0,944046663765633
-0,089944506 -0,137696883 0,711932495 -0,183384272 -0,143853764 0,711932495 -0,183384373 -0,143853877 0,711932532 -0,163555034 -0,124934948 0,705792801 -0,073298937 -0,118987844 0,705792801 -0,073298936 -0,118987843 0,705792801
0,0213502992263453 -0,324022354633119 -0,945808478721223
-0,073298937 -0,118987844 0,705792801 -0,163555034 -0,124934948 0,705792801 -0,163555054 -0,12493497 0,705792809 -0,149872822 -0,111775859 0,701593516 -0,061822078 -0,105974069 0,701593516 -0,06182208 -0,105974062 0,701593514
0,019033226492196 -0,288857350376466 -0,957182933102541
-0,061822078 -0,105974069 0,701593516 -0,149872822 -0,111775859 0,701593516 -0,142746005 -0,104523777 0,699546707 -0,055876671 -0,098799831 0,699546707 -0,055876665 -0,098799822 0,699546704
0,0187421522555983 -0,284439868517522 -0,958510663960794
-0,055876671 -0,098799831 0,699546707 -0,142746005 -0,104523777 0,699546707 -0,142745948 -0,104523708 0,699546687 -0,083112905 -0,043403664 0,682575227 -0,05369312 -0,017735617 0,675533442 0,014461316 -0,013244823 0,675533442
0,0184224897854456 -0,279588517950083 -0,959943161078082
-0,029140157 -0,001920087 0,671398287 0,029140145 0,001920086 0,671398287 0,014461316 -0,013244823 0,675533442 -0,05369312 -0,017735617 0,675533442 -0,053693092 -0,017735588 0,675533434 -0,036733858 -0,002831268 0,671517941
-0,0184224897854456 0,279588517950083 -0,959943161078082
0,03673386 0,002831269 0,671517941 0,029140145 0,001920086 0,671398287 -0,029140157 -0,001920087 0,671398287 -0,014461268 0,013244886 0,675533459 0,053693199 0,017735681 0,675533459
-0,0187421522555983 0,284439868517522 -0,958510663960794
0,083112862 0,043403629 0,682575217 0,053693139 0,017735636 0,675533447 0,053693199 0,017735681 0,675533459 -0,014461268 0,013244886 0,675533459 0,055876587 0,098799733 0,699546679 0,055876612 0,098799759 0,699546686 0,142745936 0,104523704 0,699546686
-0,019033226492196 0,288857350376466 -0,957182933102541
0,142745936 0,104523704 0,699546686 0,055876612 0,098799759 0,699546686 0,061822084 0,105974077 0,701593518 0,061822096 0,105974084 0,70159352 0,149872839 0,111775874 0,70159352
-0,0213502992263453 0,324022354633119 -0,945808478721223
0,149872823 0,111775867 0,701593518 0,149872839 0,111775874 0,70159352 0,061822096 0,105974084 0,70159352 0,073298877 0,11898778 0,70579278 0,073298855 0,118987758 0,705792773 0,163554933 0,12493486 0,705792773
-0,0216847582514723 0,329098264797237 -0,944046663765633
0,163554918 0,124934848 0,705792769 0,163554933 0,12493486 0,705792773 0,073298855 0,118987758 0,705792773 0,089944431 0,137696805 0,711932469 0,089944395 0,13769677 0,711932458 0,183384122 0,143853648 0,711932458
-0,0220244270622945 0,334253241161327 -0,942225925872201
0,183384112 0,143853641 0,711932455 0,183384122 0,143853648 0,711932458 0,089944395 0,13769677 0,711932458 0,105667376 0,155212044 0,717778452 0,202100174 0,16156614 0,717778452
-0,0223693677227688 0,339488225637687 -0,940344275274252
0,21976807 0,178149965 0,723345343 0,20210028 0,161566227 0,717778481 0,202100174 0,16156614 0,717778452 0,105667376 0,155212044 0,717778452 0,197079629 0,275742306 0,759118386 0,197079684 0,275742368 0,759118407 0,31521831 0,283526692 0,759118407
-0,0226903996853682 0,344360360277637 -0,93856331061446
0,315218317 0,283526699 0,75911841 0,31521831 0,283526692 0,759118407 0,197079684 0,275742368 0,759118407 0,205575434 0,286840632 0,762984988 0,205575394 0,286840588 0,762984972 0,325460541 0,294739993 0,762984972
-0,0230160123740823 0,349302014208434 -0,936727476934635
0,325460502 0,294739957 0,76298496 0,325460541 0,294739993 0,762984972 0,205575394 0,286840588 0,762984972 0,207255629 0,289015023 0,763754526 0,207255632 0,289015024 0,763754527 0,32748436 0,296937068 0,763754527
-0,0256507173467859 0,389287557266564 -0,920759055593279
0,32748435 0,296937063 0,763754525 0,32748436 0,296937068 0,763754527 0,207255632 0,289015024 0,763754527 0,213970391 0,297080388 0,766977419 0,335516546 0,305089239 0,766977419
-0,0260197598977526 0,39488832356292 -0,918360595849217
0,345193857 0,314820118 0,77088744 0,335516614 0,305089298 0,766977443 0,335516546 0,305089239 0,766977419 0,213970391 0,297080388 0,766977419 0,300180319 0,4209195 0,817784758 0,300180316 0,420919499 0,817784757 0,442315689 0,430285003 0,817784757
-0,0288982521521192 0,438573699030734 -0,898230483529173
0,442315692 0,430285005 0,817784758 0,442315689 0,430285003 0,817784757 0,300180316 0,420919499 0,817784757 0,307421778 0,430441193 0,822200883 0,30742177 0,430441184 0,822200879 0,451074203 0,43990665 0,822200879
-0,0292863794776624 0,444464104995854 -0,895317802429575
0,451074203 0,43990665 0,822200879 0,30742177 0,430441184 0,822200879 0,311307426 0,435490768 0,82458055 0,455768494 0,445009516 0,82458055
-0,0296791678828626 0,450425249735621 -0,892320705460982
0,460301007 0,4498844 0,826890538 0,455768383 0,445009413 0,824580502 0,455768494 0,445009516 0,82458055 0,311307426 0,435490768 0,82458055 0,361622665 0,515026848 0,86305522 0,361622661 0,515026845 0,863055218 0,519105129 0,525403591 0,863055218
-0,0328707510009484 0,498862241927907 -0,866057721694863
0,51910509 0,525403572 0,863055209 0,519105129 0,525403591 0,863055218 0,361622661 0,515026845 0,863055218 0,398462312 0,567302929 0,891768798 0,564348348 0,578233399 0,891768798
-0,0332869185992441 0,505178200486249 -0,862372869937154
0,565904382 0,580028093 0,892760069 0,564348478 0,578233526 0,891768868 0,564348348 0,578233399 0,891768798 0,398462312 0,567302929 0,891768798 0,40579803 0,58030885 0,899104517 0,405798057 0,580308867 0,899104525 0,574025765 0,591393632 0,899104525
-0,0368155535307314 0,558730452237846 -0,828531771726539
0,574025763 0,591393632 0,899104525 0,574025765 0,591393632 0,899104525 0,405798057 0,580308867 0,899104525 0,432258747 0,621290501 0,925565215 0,432258741 0,621290498 0,925565213 0,607298289 0,632824106 0,925565213
-0,0407129197954978 0,617878747097294 -0,785218639645802
0,607298293 0,632824107 0,925565214 0,607298289 0,632824106 0,925565213 0,432258741 0,621290498 0,925565213 0,44886114 0,643483275 0,942167612 0,627819097 0,655275072 0,942167612
-0,0244611276074893 -0,694558824859616 -0,719019952467106
-2,193111 -2,214465435 2,5 -2,39298707 -2,207426155 2,5 -0,936507832 -0,750946917 1,043520762 -0,858931447 -0,686753203 0,978871768 -0,858636876 -0,686546155 0,978661742 -0,671772743 -0,693127178 0,978661742
-0,0243749577774408 -0,69211208500129 -0,721378349570123
-0,671772743 -0,693127178 0,978661742 -0,858636876 -0,686546155 0,978661742 -0,858636983 -0,686546234 0,978661822 -0,8204615 -0,659549798 0,951470702 -0,639125283 -0,665936137 0,951470702 -0,639125285 -0,665936129 0,951470694
-0,0226652857276602 -0,643566988109379 -0,7650541266072
-0,639125283 -0,665936137 0,951470702 -0,8204615 -0,659549798 0,951470702 -0,8204615 -0,6595498 0,951470703 -0,80712596 -0,648960202 0,942167611 -0,627819092 -0,655275072 0,942167611 -0,627819093 -0,65527507 0,942167609
-0,0205065613025672 -0,582271322433309 -0,812735866081539
-0,627819092 -0,655275072 0,942167611 -0,80712596 -0,648960202 0,942167611 -0,807125962 -0,648960198 0,942167608 -0,782635406 -0,62664905 0,925565217 -0,60729829 -0,632824112 0,925565217 -0,607298291 -0,63282411 0,925565216
-0,0185786481294179 -0,527529401722999 -0,849333600036792
-0,60729829 -0,632824112 0,925565217 -0,782635406 -0,62664905 0,925565217 -0,782635406 -0,626649052 0,925565218 -0,742461758 -0,585461616 0,899104525 -0,574025762 -0,591393632 0,899104525 -0,574025761 -0,591393634 0,899104526
-0,0168395461855385 -0,478148660907023 -0,878117468085612
-0,574025762 -0,591393632 0,899104525 -0,742461758 -0,585461616 0,899104525 -0,734053744 -0,575883669 0,893727944 -0,732256195 -0,574169465 0,892760062 -0,56590437 -0,58002808 0,892760062
-0,0166346361471279 -0,472330365129161 -0,881264611258846
-0,56590437 -0,58002808 0,892760062 -0,732256195 -0,574169465 0,892760062 -0,73225614 -0,5741694 0,892760026 -0,73040655 -0,572385325 0,891768905 -0,564348539 -0,578233593 0,891768905 -0,564348554 -0,578233615 0,891768917
-0,0164318151723163 -0,466571387040233 -0,884330897484361
-0,564348539 -0,578233593 0,891768905 -0,73040655 -0,572385325 0,891768905 -0,676562151 -0,519858237 0,863055222 -0,519105138 -0,525403594 0,863055222 -0,519105136 -0,525403598 0,863055224
-0,0148767399934638 -0,422415974169509 -0,906279993916665
-0,519105138 -0,525403594 0,863055222 -0,676562151 -0,519858237 0,863055222 -0,67656215 -0,51985824 0,863055223 -0,610354942 -0,449411226 0,829133155 -0,605206534 -0,44478105 0,826890523 -0,460300988 -0,449884365 0,826890523
-0,0146854021869819 -0,416983053653587 -0,908795616147182
-0,460300988 -0,449884365 0,826890523 -0,605206534 -0,44478105 0,826890523 -0,605206501 -0,444781014 0,826890507 -0,599870604 -0,439934277 0,824580453 -0,455768297 -0,445009305 0,824580453 -0,455768305 -0,445009316 0,824580458
-0,0144963006923222 -0,411613631850244 -0,911243148309654
-0,455768297 -0,445009305 0,824580453 -0,599870604 -0,439934277 0,824580453 -0,599870666 -0,439934345 0,824580484 -0,594339968 -0,434861015 0,822200849 -0,451074139 -0,439906583 0,822200849
-0,0143094285882296 -0,406307512234651 -0,913624346082769
-0,451074139 -0,439906583 0,822200849 -0,594339968 -0,434861015 0,822200849 -0,594339952 -0,434860997 0,822200841 -0,584012207 -0,425294697 0,817784755 -0,442315671 -0,430284997 0,817784755 -0,442315674 -0,430284989 0,817784751
-0,0129224567267527 -0,366925290708371 -0,93016065340925
-0,442315671 -0,430284997 0,817784755 -0,584012207 -0,425294697 0,817784755 -0,584012208 -0,425294693 0,817784753 -0,477988408 -0,319682069 0,774650236 -0,467167099 -0,310524392 0,770887422 -0,345193808 -0,314820075 0,770887422
-0,0127445645391988 -0,361874150355329 -0,932139836815976
-0,345193808 -0,314820075 0,770887422 -0,467167099 -0,310524392 0,770887422 -0,467167029 -0,310524322 0,770887394 -0,455836933 -0,300851812 0,766977435 -0,335516591 -0,30508928 0,766977435 -0,335516594 -0,305089284 0,766977436
-0,012569015430414 -0,35688954029731 -0,934062029994521
-0,335516591 -0,30508928 0,766977435 -0,455836933 -0,300851812 0,766977435 -0,455836887 -0,300851765 0,766977417 -0,446426307 -0,292748154 0,76375453 -0,327484364 -0,296937078 0,76375453 -0,327484365 -0,296937075 0,763754529
-0,0113139057883647 -0,321251466205221 -0,946926338738556
-0,327484364 -0,296937078 0,76375453 -0,446426307 -0,292748154 0,76375453 -0,446426307 -0,292748153 0,76375453 -0,444042952 -0,290563701 0,762984963 -0,325460509 -0,294739964 0,762984963 -0,325460532 -0,294739995 0,762984973
-0,0111585179524065 -0,316839323213597 -0,948413586333861
-0,325460509 -0,294739964 0,762984963 -0,444042952 -0,290563701 0,762984963 -0,444043006 -0,29056376 0,762984983 -0,431973264 -0,279414661 0,759118365 -0,315218191 -0,283526567 0,759118365 -0,315218192 -0,283526568 0,759118365
-0,0110052462231024 -0,31248726578199 -0,949858196406003
-0,315218191 -0,283526567 0,759118365 -0,431973264 -0,279414661 0,759118365 -0,431973166 -0,279414553 0,759118328 -0,336100098 -0,190168533 0,728647094 -0,31661538 -0,174739133 0,723345329 -0,219768028 -0,178149925 0,723345329
-0,0108406440831996 -0,307813488240139 -0,951384957256157
-0,219768028 -0,178149925 0,723345329 -0,31661538 -0,174739133 0,723345329 -0,31661536 -0,174739115 0,723345323 -0,295966145 -0,158260257 0,717778422 -0,202100111 -0,161566052 0,717778422 -0,202100196 -0,161566147 0,717778454
-0,0106784700314455 -0,30320865478289 -0,952864356528534
-0,202100111 -0,161566052 0,717778422 -0,295966145 -0,158260257 0,717778422 -0,274079711 -0,140659749 0,711932532 -0,183384373 -0,143853877 0,711932532 -0,183384272 -0,143853764 0,711932495
-0,0105186949185779 -0,298671937734687 -0,954297873133445
-0,183384373 -0,143853877 0,711932532 -0,274079711 -0,140659749 0,711932532 -0,274079713 -0,140659751 0,711932533 -0,250877717 -0,121859621 0,705792809 -0,163555054 -0,12493497 0,705792809 -0,163555034 -0,124934948 0,705792801
-0,0103612893650784 -0,294202502881998 -0,955686941932692
-0,163555054 -0,12493497 0,705792809 -0,250877717 -0,121859621 0,705792809 -0,250877738 -0,121859642 0,705792815 -0,234859188 -0,10878279 0,701593516 -0,149872822 -0,111775859 0,701593516
-0,00926830354511828 -0,263167836006408 -0,964705545045274
-0,149872822 -0,111775859 0,701593516 -0,234859188 -0,10878279 0,701593516 -0,234859188 -0,108782797 0,701593518 -0,226480733 -0,101574718 0,699546687 -0,142745948 -0,104523708 0,699546687 -0,142746005 -0,104523777 0,699546707
-0,00913065552093708 -0,259259404169019 -0,96576456369018
-0,142745948 -0,104523708 0,699546687 -0,226480733 -0,101574718 0,699546687 -0,226480757 -0,101574742 0,699546694 -0,183726628 -0,06454624 0,689202185 -0,151675869 -0,040988998 0,682575227 -0,083112905 -0,043403664 0,682575227
-0,00897958213346173 -0,254969767315143 -0,966907330027015
-0,083112905 -0,043403664 0,682575227 -0,151675869 -0,040988998 0,682575227 -0,117231968 -0,015497862 0,675533434 -0,053693092 -0,017735588 0,675533434 -0,05369312 -0,017735617 0,675533442
-0,00883101084240582 -0,250751175965656 -0,968011291772644
-0,053693092 -0,017735588 0,675533434 -0,117231968 -0,015497862 0,675533434 -0,117231995 -0,015497886 0,675533441 -0,108984073 -0,009352196 0,673866232 -0,095689443 -0,00744077 0,673249817 -0,036733858 -0,002831268 0,671517941
0,00883101084240582 0,250751175965656 -0,968011291772644
0,108984074 0,009352197 0,673866233 0,095689449 0,007440772 0,673249817 0,03673386 0,002831269 0,671517941 0,053693199 0,017735681 0,675533459 0,053693139 0,017735636 0,675533447 0,117232026 0,015497909 0,675533447
0,00897958213346173 0,254969767315143 -0,966907330027015
0,117232026 0,015497909 0,675533447 0,053693139 0,017735636 0,675533447 0,083112862 0,043403629 0,682575217 0,151675816 0,040988964 0,682575217
0,00913065552093708 0,259259404169019 -0,96576456369018
0,183726776 0,064546363 0,689202219 0,151675727 0,040988907 0,682575201 0,151675816 0,040988964 0,682575217 0,083112862 0,043403629 0,682575217 0,142745936 0,104523704 0,699546686 0,226480732 0,101574713 0,699546686
0,00926830354511828 0,263167836006408 -0,964705545045274
0,226480732 0,101574713 0,699546686 0,142745936 0,104523704 0,699546686 0,149872839 0,111775874 0,70159352 0,149872823 0,111775867 0,701593518 0,234859192 0,108782798 0,701593518
0,0103612893650784 0,294202502881998 -0,955686941932692
0,23485916 0,108782786 0,701593514 0,234859192 0,108782798 0,701593518 0,149872823 0,111775867 0,701593518 0,163554933 0,12493486 0,705792773 0,163554918 0,124934848 0,705792769 0,250877542 0,121859501 0,705792769
0,0105186949185779 0,298671937734687 -0,954297873133445
0,250877542 0,121859501 0,705792769 0,163554918 0,124934848 0,705792769 0,183384122 0,143853648 0,711932458 0,183384112 0,143853641 0,711932455 0,274079394 0,140659514 0,711932455
0,0106784700314455 0,30320865478289 -0,952864356528534
0,274079617 0,140659669 0,711932507 0,274079394 0,140659514 0,711932455 0,183384112 0,143853641 0,711932455 0,202100174 0,16156614 0,717778452 0,20210028 0,161566227 0,717778481 0,295966365 0,15826043 0,717778481
0,0108406440831996 0,307813488240139 -0,951384957256157
0,295966225 0,158260333 0,717778448 0,295966365 0,15826043 0,717778481 0,20210028 0,161566227 0,717778481 0,21976807 0,178149965 0,723345343 0,316615419 0,174739174 0,723345343
0,0110052462231024 0,31248726578199 -0,949858196406003
0,336100191 0,190168628 0,728647127 0,316615308 0,174739097 0,723345316 0,316615419 0,174739174 0,723345343 0,21976807 0,178149965 0,723345343 0,31521831 0,283526692 0,759118407 0,315218317 0,283526699 0,75911841 0,431973414 0,279414792 0,75911841
0,0111585179524065 0,316839323213597 -0,948413586333861
0,431973426 0,279414802 0,759118413 0,431973414 0,279414792 0,75911841 0,315218317 0,283526699 0,75911841 0,325460541 0,294739993 0,762984972 0,325460502 0,294739957 0,76298496 0,444042945 0,290563694 0,76298496
0,0113139057883647 0,321251466205221 -0,946926338738556
0,444042956 0,290563703 0,762984963 0,444042945 0,290563694 0,76298496 0,325460502 0,294739957 0,76298496 0,32748436 0,296937068 0,763754527 0,32748435 0,296937063 0,763754525 0,446426294 0,292748139 0,763754525
0,012569015430414 0,35688954029731 -0,934062029994521
0,446426263 0,292748127 0,76375452 0,446426294 0,292748139 0,763754525 0,32748435 0,296937063 0,763754525 0,335516546 0,305089239 0,766977419 0,335516614 0,305089298 0,766977443 0,455836949 0,30085183 0,766977443
0,0127445645391988 0,361874150355329 -0,932139836815976
0,455837046 0,300851902 0,766977472 0,455836949 0,30085183 0,766977443 0,335516614 0,305089298 0,766977443 0,345193857 0,314820118 0,77088744 0,467167169 0,310524435 0,77088744
0,0129224567267527 0,366925290708371 -0,93016065340925
0,477988214 0,319681888 0,774650162 0,467167169 0,310524435 0,77088744 0,345193857 0,314820118 0,77088744 0,442315689 0,430285003 0,817784757 0,442315692 0,430285005 0,817784758 0,584012208 0,425294705 0,817784758
0,0143094285882296 0,406307512234651 -0,913624346082769
0,584012225 0,425294712 0,817784761 0,584012208 0,425294705 0,817784758 0,442315692 0,430285005 0,817784758 0,451074203 0,43990665 0,822200879 0,594340044 0,434861081 0,822200879
0,0144963006923222 0,411613631850244 -0,911243148309654
0,594340044 0,434861081 0,822200879 0,451074203 0,43990665 0,822200879 0,455768494 0,445009516 0,82458055 0,455768383 0,445009413 0,824580502 0,599870714 0,439934385 0,824580502
0,0146854021869819 0,416983053653587 -0,908795616147182
0,599870693 0,439934369 0,824580494 0,599870714 0,439934385 0,824580502 0,455768383 0,445009413 0,824580502 0,460301007 0,4498844 0,826890538 0,605206565 0,444781083 0,826890538
0,0148767399934638 0,422415974169509 -0,906279993916665
0,610354909 0,449411212 0,829133146 0,605206482 0,444781018 0,826890506 0,605206565 0,444781083 0,826890538 0,460301007 0,4498844 0,826890538 0,519105129 0,525403591 0,863055218 0,51910509 0,525403572 0,863055209 0,676562107 0,519858216 0,863055209
0,0164318151723163 0,466571387040233 -0,884330897484361
0,676562132 0,519858225 0,863055214 0,676562107 0,519858216 0,863055209 0,51910509 0,525403572 0,863055209 0,564348348 0,578233399 0,891768798 0,564348478 0,578233526 0,891768868 0,730406474 0,572385258 0,891768868
0,0166346361471279 0,472330365129161 -0,881264611258846
0,730406497 0,572385277 0,891768878 0,730406474 0,572385258 0,891768868 0,564348478 0,578233526 0,891768868 0,565904382 0,580028093 0,892760069 0,732256217 0,574169477 0,892760069
0,0168395461855385 0,478148660907023 -0,878117468085612
0,734053731 0,575883649 0,893727933 0,732256208 0,57416947 0,892760065 0,732256217 0,574169477 0,892760069 0,565904382 0,580028093 0,892760069 0,574025765 0,591393632 0,899104525 0,574025763 0,591393632 0,899104525 0,742461761 0,585461615 0,899104525
0,0185786481294179 0,527529401722999 -0,849333600036792
0,742461768 0,585461618 0,899104526 0,742461761 0,585461615 0,899104525 0,574025763 0,591393632 0,899104525 0,607298289 0,632824106 0,925565213 0,607298293 0,632824107 0,925565214 0,782635407 0,626649046 0,925565214
0,0205065613025672 0,582271322433309 -0,812735866081539
0,782635407 0,626649045 0,925565214 0,782635407 0,626649046 0,925565214 0,607298293 0,632824107 0,925565214 0,627819097 0,655275072 0,942167612 0,627819095 0,655275071 0,942167611 0,807125972 0,648960202 0,942167611
0,0226652857276602 0,643566988109379 -0,7650541266072
0,807125971 0,648960201 0,942167611 0,807125972 0,648960202 0,942167611 0,627819095 0,655275071 0,942167611 0,639125283 0,665936137 0,951470702 0,820461509 0,659549797 0,951470702
0,0243749577774408 0,69211208500129 -0,721378349570123
0,82046151 0,659549798 0,951470702 0,820461509 0,659549797 0,951470702 0,639125283 0,665936137 0,951470702 0,671772736 0,693127182 0,978661747 0,858636885 0,686546159 0,978661747
0,0244611276074893 0,694558824859616 -0,719019952467106
0,936507834 0,750946917 1,043520762 0,858931395 0,686753158 0,978871723 0,858637055 0,686546272 0,978661862 0,858636885 0,686546159 0,978661747 0,671772736 0,693127182 0,978661747 2,19311099 2,214465435 2,5 2,392987072 2,207426155 2,5
-0,0901411473931159 -0,657713838594999 -0,747854985988115
-2,39298707 -2,207426155 2,5 -2,591134791 -2,180269568 2,5 -1,134655553 -0,72379033 1,043520762 -0,936507832 -0,750946917 1,043520762
-0,089243785130184 -0,651166245230237 -0,7536697339607
-0,936507832 -0,750946917 1,043520762 -1,134655553 -0,72379033 1,043520762 -1,133594738 -0,722912516 1,042636722 -1,044705095 -0,661527726 0,979074993 -1,044380026 -0,661337062 0,978871768 -0,858931447 -0,686753203 0,978871768
-0,0883459255586889 -0,644615023259299 -0,759385586659104
-0,858931447 -0,686753203 0,978871768 -1,044380026 -0,661337062 0,978871768 -1,04437999 -0,661337036 0,978871742 -1,044042927 -0,661135936 0,978661822 -0,858636983 -0,686546234 0,978661822 -0,858636876 -0,686546155 0,978661742
-0,0880347272722259 -0,642344368564156 -0,761343285888843
-0,858636983 -0,686546234 0,978661822 -1,044042927 -0,661135936 0,978661822 -1,044043037 -0,661136006 0,978661894 -1,000324618 -0,634899159 0,951470703 -0,8204615 -0,6595498 0,951470703 -0,8204615 -0,659549798 0,951470702
-0,0818995530164849 -0,597579140620088 -0,797616219689305
-0,8204615 -0,6595498 0,951470703 -1,000324618 -0,634899159 0,951470703 -1,000324617 -0,634899153 0,951470699 -0,984954263 -0,624588433 0,942167608 -0,807125962 -0,648960198 0,942167608 -0,80712596 -0,648960202 0,942167611
-0,074229241380406 -0,541612800549176 -0,837344370020703
-0,807125962 -0,648960198 0,942167608 -0,984954263 -0,624588433 0,942167608 -0,956483257 -0,602822816 0,925565218 -0,782635406 -0,626649052 0,925565218 -0,782635406 -0,62664905 0,925565217
-0,0674169496216499 -0,491906992581807 -0,868033677660512
-0,782635406 -0,626649052 0,925565218 -0,956483257 -0,602822816 0,925565218 -0,956483257 -0,60282282 0,92556522 -0,909389904 -0,562583741 0,899104525 -0,742461758 -0,585461616 0,899104525
-0,0612807067750477 -0,447133967676889 -0,892365334337161
-0,742461758 -0,585461616 0,899104525 -0,909389904 -0,562583741 0,899104525 -0,909389903 -0,562583745 0,899104527 -0,90119914 -0,554862293 0,894673092 -0,89917422 -0,553253539 0,893727944 -0,734053744 -0,575883669 0,893727944
-0,0605577349400321 -0,441858812050897 -0,895038295801863
-0,734053744 -0,575883669 0,893727944 -0,89917422 -0,553253539 0,893727944 -0,899174226 -0,553253546 0,893727948 -0,897088959 -0,551578695 0,892760026 -0,73225614 -0,5741694 0,892760026 -0,732256195 -0,574169465 0,892760062
-0,0598420104320449 -0,436636536462682 -0,897645514005013
-0,73225614 -0,5741694 0,892760026 -0,897088959 -0,551578695 0,892760026 -0,897088948 -0,551578685 0,892760021 -0,894941751 -0,549835409 0,891768905 -0,73040655 -0,572385325 0,891768905
-0,0591335436173618 -0,431467216549654 -0,90018846085814
-0,73040655 -0,572385325 0,891768905 -0,894941751 -0,549835409 0,891768905 -0,832384866 -0,49850239 0,863055223 -0,67656215 -0,51985824 0,863055223 -0,676562151 -0,519858237 0,863055222
-0,0536978479185854 -0,391805725800208 -0,918479621090792
-0,67656215 -0,51985824 0,863055223 -0,832384866 -0,49850239 0,863055223 -0,832384865 -0,498502395 0,863055225 -0,759952888 -0,434012693 0,831310508 -0,754226362 -0,429693327 0,829133155 -0,610354942 -0,449411226 0,829133155
-0,0530286626674282 -0,386923023360774 -0,92058597367604
-0,610354942 -0,449411226 0,829133155 -0,754226362 -0,429693327 0,829133155 -0,748288182 -0,425171351 0,826890507 -0,605206501 -0,444781014 0,826890507 -0,605206534 -0,44478105 0,826890523
-0,0523670801381306 -0,382095794093389 -0,922637790822568
-0,605206501 -0,444781014 0,826890507 -0,748288182 -0,425171351 0,826890507 -0,748288176 -0,425171345 0,826890504 -0,742130012 -0,420437385 0,824580484 -0,599870666 -0,439934345 0,824580484 -0,599870604 -0,439934277 0,824580453
-0,0517130679681547 -0,37732380186517 -0,924636418895198
-0,599870666 -0,439934345 0,824580484 -0,742130012 -0,420437385 0,824580484 -0,742130026 -0,420437397 0,82458049 -0,735742899 -0,415481408 0,822200841 -0,594339952 -0,434860997 0,822200841 -0,594339968 -0,434861015 0,822200849
-0,051066590631185 -0,372606787458767 -0,926583177734716
-0,594339952 -0,434860997 0,822200841 -0,735742899 -0,415481408 0,822200841 -0,735742947 -0,415481453 0,822200862 -0,723808482 -0,406135302 0,817784753 -0,584012208 -0,425294693 0,817784753 -0,584012207 -0,425294697 0,817784755
-0,0462613460331401 -0,337545375868511 -0,940171796584533
-0,584012208 -0,425294693 0,817784753 -0,723808482 -0,406135302 0,817784753 -0,723808482 -0,40613531 0,817784756 -0,611028882 -0,311535187 0,778271584 -0,59914379 -0,303077454 0,774650236 -0,477988408 -0,319682069 0,774650236
-0,0456444011242313 -0,333043844481624 -0,941805917532328
-0,477988408 -0,319682069 0,774650236 -0,59914379 -0,303077454 0,774650236 -0,599143646 -0,303077332 0,774650186 -0,586694188 -0,294142858 0,770887394 -0,467167029 -0,310524322 0,770887394 -0,467167099 -0,310524392 0,770887422
-0,0450352905667786 -0,328599476349457 -0,943395042782412
-0,467167029 -0,310524322 0,770887394 -0,586694188 -0,294142858 0,770887394 -0,586694222 -0,294142888 0,770887406 -0,573652383 -0,284704889 0,766977417 -0,455836887 -0,300851765 0,766977417 -0,455836933 -0,300851812 0,766977435
-0,044433948267737 -0,324211789224871 -0,944940389637859
-0,455836887 -0,300851765 0,766977417 -0,573652383 -0,284704889 0,766977417 -0,573652381 -0,284704887 0,766977416 -0,562814454 -0,276796898 0,76375453 -0,446426307 -0,292748153 0,76375453 -0,446426307 -0,292748154 0,76375453
-0,0401260368165422 -0,292779163184112 -0,955337774179692
-0,446426307 -0,292748153 0,76375453 -0,562814454 -0,276796898 0,76375453 -0,56005891 -0,274663522 0,762984983 -0,444043006 -0,29056376 0,762984983 -0,444042952 -0,290563701 0,762984963
-0,039591519134579 -0,288879061104562 -0,956546600886733
-0,444043006 -0,29056376 0,762984983 -0,56005891 -0,274663522 0,762984983 -0,560058895 -0,274663508 0,762984978 -0,54609678 -0,263773658 0,759118328 -0,431973166 -0,279414553 0,759118328 -0,431973264 -0,279414661 0,759118365
-0,0390639973855029 -0,285030004768347 -0,957722246003517
-0,431973166 -0,279414553 0,759118328 -0,54609678 -0,263773658 0,759118328 -0,546096758 -0,263773637 0,759118321 -0,453525688 -0,191042745 0,733696877 -0,432372721 -0,176974155 0,728647094 -0,336100098 -0,190168533 0,728647094
-0,0384977241743719 -0,280898198837786 -0,958965133424089
-0,336100098 -0,190168533 0,728647094 -0,432372721 -0,176974155 0,728647094 -0,432372833 -0,176974244 0,728647124 -0,409948606 -0,161947586 0,723345323 -0,31661536 -0,174739115 0,723345323 -0,31661538 -0,174739133 0,723345329
-0,037939461158884 -0,276824839207018 -0,960171133540778
-0,31661536 -0,174739115 0,723345323 -0,409948606 -0,161947586 0,723345323 -0,409948526 -0,161947522 0,723345301 -0,386173659 -0,145897116 0,717778422 -0,295966145 -0,158260257 0,717778422
-0,0373891138231468 -0,27280923624193 -0,96134134145402
-0,295966145 -0,158260257 0,717778422 -0,386173659 -0,145897116 0,717778422 -0,360962896 -0,128752217 0,711932533 -0,274079713 -0,140659751 0,711932533 -0,274079711 -0,140659749 0,711932532
-0,0368465872954675 -0,268850697712313 -0,962476821198454
-0,274079713 -0,140659751 0,711932533 -0,360962896 -0,128752217 0,711932533 -0,360962958 -0,128752267 0,711932549 -0,334225155 -0,110436953 0,705792888 -0,334224795 -0,110436742 0,705792815 -0,250877738 -0,121859642 0,705792815 -0,250877717 -0,121859621 0,705792809
-0,0363117864609837 -0,264948529613674 -0,963578606455936
-0,250877738 -0,121859642 0,705792815 -0,334224795 -0,110436742 0,705792815 -0,315756765 -0,097695603 0,701593518 -0,234859188 -0,108782797 0,701593518 -0,234859188 -0,10878279 0,701593516
-0,0325887364271239 -0,237783338134891 -0,970771372859496
-0,234859188 -0,108782797 0,701593518 -0,315756765 -0,097695603 0,701593518 -0,315756764 -0,097695557 0,701593506 -0,306066193 -0,09066738 0,699546694 -0,226480757 -0,101574742 0,699546694 -0,226480733 -0,101574718 0,699546687
-0,0321185936526223 -0,234352946822513 -0,971620858286493
-0,226480757 -0,101574742 0,699546694 -0,306066193 -0,09066738 0,699546694 -0,286424933 -0,076331558 0,695439648 -0,251996648 -0,055189682 0,689202185 -0,183726628 -0,06454624 0,689202185
-0,0316028990148207 -0,230590186866817 -0,972537620092192
-0,183726628 -0,06454624 0,689202185 -0,251996648 -0,055189682 0,689202185 -0,251996624 -0,055189665 0,68920218 -0,214990196 -0,032311628 0,682575227 -0,151675869 -0,040988998 0,682575227
-0,0310953717553663 -0,226887020092695 -0,973424551759844
-0,151675869 -0,040988998 0,682575227 -0,214990196 -0,032311628 0,682575227 -0,198289204 -0,021918283 0,679619231 -0,16496319 -0,0156322 0,677089487 -0,138083454 -0,012640147 0,675533441 -0,117231995 -0,015497886 0,675533441 -0,117231968 -0,015497862 0,675533434
-0,0305958910153583 -0,223242564654579 -0,97428263290455
-0,117231995 -0,015497886 0,675533441 -0,138083454 -0,012640147 0,675533441 -0,108984073 -0,009352196 0,673866232
0,0305958910153583 0,223242564654579 -0,97428263290455
0,108984074 0,009352197 0,673866233 0,117232026 0,015497909 0,675533447 0,138083562 0,01264016 0,675533447
0,0310953717553663 0,226887020092695 -0,973424551759844
0,198289202 0,021918283 0,679619231 0,164963193 0,015632202 0,677089487 0,138083562 0,01264016 0,675533447 0,117232026 0,015497909 0,675533447 0,151675816 0,040988964 0,682575217 0,151675727 0,040988907 0,682575201 0,214990049 0,032311539 0,682575201
0,0316028990148207 0,230590186866817 -0,972537620092192
0,214990094 0,032311562 0,682575208 0,214990049 0,032311539 0,682575201 0,151675727 0,040988907 0,682575201 0,183726776 0,064546363 0,689202219 0,251996844 0,055189798 0,689202219
0,0321185936526223 0,234352946822513 -0,971620858286493
0,286425069 0,07633166 0,695439677 0,251996577 0,055189658 0,689202176 0,251996844 0,055189798 0,689202219 0,183726776 0,064546363 0,689202219 0,226480732 0,101574713 0,699546686 0,306066153 0,090667354 0,699546686
0,0325887364271239 0,237783338134891 -0,970771372859496
0,306066094 0,090667317 0,699546675 0,306066153 0,090667354 0,699546686 0,226480732 0,101574713 0,699546686 0,234859192 0,108782798 0,701593518 0,23485916 0,108782786 0,701593514 0,31575679 0,097695585 0,701593514
0,0363117864609837 0,264948529613674 -0,963578606455936
0,315756799 0,097695588 0,701593515 0,31575679 0,097695585 0,701593514 0,23485916 0,108782786 0,701593514 0,250877542 0,121859501 0,705792769 0,334224639 0,110436595 0,705792769
0,0368465872954675 0,268850697712313 -0,962476821198454
0,334224691 0,110436626 0,70579278 0,334224639 0,110436595 0,705792769 0,250877542 0,121859501 0,705792769 0,274079394 0,140659514 0,711932455 0,274079617 0,140659669 0,711932507 0,360962782 0,128752138 0,711932507
0,0373891138231468 0,27280923624193 -0,96134134145402
0,360962811 0,128752154 0,711932513 0,360962782 0,128752138 0,711932507 0,274079617 0,140659669 0,711932507 0,295966365 0,15826043 0,717778481 0,295966225 0,158260333 0,717778448 0,386173771 0,145897188 0,717778448
0,037939461158884 0,276824839207018 -0,960171133540778
0,386173771 0,145897187 0,717778448 0,386173771 0,145897188 0,717778448 0,295966225 0,158260333 0,717778448 0,316615419 0,174739174 0,723345343 0,316615308 0,174739097 0,723345316 0,409948593 0,161947563 0,723345316
0,0384977241743719 0,280898198837786 -0,958965133424089
0,409948577 0,161947554 0,723345313 0,409948593 0,161947563 0,723345316 0,316615308 0,174739097 0,723345316 0,336100191 0,190168628 0,728647127 0,432372854 0,176974245 0,728647127
0,0390639973855029 0,285030004768347 -0,957722246003517
0,453525694 0,191042749 0,733696879 0,43237287 0,176974255 0,72864713 0,432372854 0,176974245 0,728647127 0,336100191 0,190168628 0,728647127 0,431973414 0,279414792 0,75911841 0,431973426 0,279414802 0,759118413 0,546097092 0,263773899 0,759118413
0,039591519134579 0,288879061104562 -0,956546600886733
0,546097076 0,263773888 0,759118409 0,546097092 0,263773899 0,759118413 0,431973426 0,279414802 0,759118413 0,444042945 0,290563694 0,76298496 0,444042956 0,290563703 0,762984963 0,560058843 0,274663467 0,762984963
0,0401260368165422 0,292779163184112 -0,955337774179692
0,560058737 0,274663397 0,762984937 0,560058843 0,274663467 0,762984963 0,444042956 0,290563703 0,762984963 0,446426294 0,292748139 0,763754525 0,446426263 0,292748127 0,76375452 0,562814409 0,276796873 0,76375452
0,044433948267737 0,324211789224871 -0,944940389637859
0,562814437 0,27679688 0,763754524 0,562814409 0,276796873 0,76375452 0,446426263 0,292748127 0,76375452 0,455836949 0,30085183 0,766977443 0,455837046 0,300851902 0,766977472 0,573652572 0,284705021 0,766977472
0,0450352905667786 0,328599476349457 -0,943395042782412
0,573652475 0,284704961 0,766977446 0,573652572 0,284705021 0,766977472 0,455837046 0,300851902 0,766977472 0,467167169 0,310524435 0,77088744 0,58669433 0,294142971 0,77088744
0,0456444011242313 0,333043844481624 -0,941805917532328
0,58669435 0,294142983 0,770887445 0,58669433 0,294142971 0,77088744 0,467167169 0,310524435 0,77088744 0,477988214 0,319681888 0,774650162 0,599143559 0,303077278 0,774650162
0,0462613460331401 0,337545375868511 -0,940171796584533
0,611028837 0,311535138 0,778271564 0,599143616 0,303077313 0,774650177 0,599143559 0,303077278 0,774650162 0,477988214 0,319681888 0,774650162 0,584012208 0,425294705 0,817784758 0,584012225 0,425294712 0,817784761 0,723808507 0,40613532 0,817784761
0,051066590631185 0,372606787458767 -0,926583177734716
0,7238085 0,406135318 0,81778476 0,723808507 0,40613532 0,817784761 0,584012225 0,425294712 0,817784761 0,594340044 0,434861081 0,822200879 0,735742994 0,415481492 0,822200879
0,0517130679681547 0,37732380186517 -0,924636418895198
0,735743056 0,415481533 0,8222009 0,735742994 0,415481492 0,822200879 0,594340044 0,434861081 0,822200879 0,599870714 0,439934385 0,824580502 0,599870693 0,439934369 0,824580494 0,742130037 0,420437409 0,824580494
0,0523670801381306 0,382095794093389 -0,922637790822568
0,742129993 0,42043738 0,82458048 0,742130037 0,420437409 0,824580494 0,599870693 0,439934369 0,824580494 0,605206565 0,444781083 0,826890538 0,605206482 0,444781018 0,826890506 0,748288174 0,425171354 0,826890506
0,0530286626674282 0,386923023360774 -0,92058597367604
0,748288231 0,425171391 0,826890525 0,748288174 0,425171354 0,826890506 0,605206482 0,444781018 0,826890506 0,610354909 0,449411212 0,829133146 0,754226337 0,429693312 0,829133146
0,0536978479185854 0,391805725800208 -0,918479621090792
0,759952967 0,434012759 0,83131054 0,754226299 0,429693287 0,829133133 0,754226337 0,429693312 0,829133146 0,610354909 0,449411212 0,829133146 0,676562107 0,519858216 0,863055209 0,676562132 0,519858225 0,863055214 0,832384847 0,498502375 0,863055214
0,0591335436173618 0,431467216549654 -0,90018846085814
0,832384817 0,498502366 0,863055208 0,832384847 0,498502375 0,863055214 0,676562132 0,519858225 0,863055214 0,730406474 0,572385258 0,891768868 0,730406497 0,572385277 0,891768878 0,894941676 0,549835364 0,891768878
0,0598420104320449 0,436636536462682 -0,897645514005013
0,894941811 0,549835458 0,891768933 0,894941676 0,549835364 0,891768878 0,730406497 0,572385277 0,891768878 0,732256217 0,574169477 0,892760069 0,732256208 0,57416947 0,892760065 0,897089044 0,551578763 0,892760065
0,0605577349400321 0,441858812050897 -0,895038295801863
0,897089032 0,551578754 0,89276006 0,897089044 0,551578763 0,892760065 0,732256208 0,57416947 0,892760065 0,734053731 0,575883649 0,893727933 0,899174195 0,553253521 0,893727933
0,0612807067750477 0,447133967676889 -0,892365334337161
0,901199178 0,554862325 0,89467311 0,899174195 0,553253521 0,893727933 0,734053731 0,575883649 0,893727933 0,742461761 0,585461615 0,899104525 0,742461768 0,585461618 0,899104526 0,909389907 0,562583744 0,899104526
0,0674169496216499 0,491906992581807 -0,868033677660512
0,909389914 0,562583746 0,899104528 0,909389907 0,562583744 0,899104526 0,742461768 0,585461618 0,899104526 0,782635407 0,626649046 0,925565214 0,782635407 0,626649045 0,925565214 0,95648325 0,602822811 0,925565214
0,074229241380406 0,541612800549176 -0,837344370020703
0,956483245 0,60282281 0,925565213 0,95648325 0,602822811 0,925565214 0,782635407 0,626649045 0,925565214 0,807125972 0,648960202 0,942167611 0,807125971 0,648960201 0,942167611 0,984954265 0,624588437 0,942167611
0,0818995530164849 0,597579140620088 -0,797616219689305
0,984954258 0,624588436 0,942167609 0,984954265 0,624588437 0,942167611 0,807125971 0,648960201 0,942167611 0,820461509 0,659549797 0,951470702 0,82046151 0,659549798 0,951470702 1,000324615 0,634899158 0,951470702
0,0880347272722259 0,642344368564156 -0,761343285888843
1,000324629 0,634899162 0,951470707 1,000324615 0,634899158 0,951470702 0,82046151 0,659549798 0,951470702 0,858636885 0,686546159 0,978661747 0,858637055 0,686546272 0,978661862 1,044042992 0,661135975 0,978661862
0,0883459255586889 0,644615023259299 -0,759385586659104
1,044042992 0,661135975 0,978661862 0,858637055 0,686546272 0,978661862 0,858931395 0,686753158 0,978871723 1,044379961 0,661337019 0,978871723
0,089243785130184 0,651166245230237 -0,7536697339607
1,133594679 0,722912466 1,042636672 1,044705167 0,661527766 0,979075036 1,044379926 0,661337001 0,978871704 1,044379961 0,661337019 0,978871723 0,858931395 0,686753158 0,978871723 0,936507834 0,750946917 1,043520762 1,134655553 0,723790331 1,043520762 1,134655549 0,723790326 1,043520758
0,0901411473931159 0,657713838594999 -0,747854985988115
1,134655601 0,723790369 1,043520802 1,134655553 0,723790331 1,043520762 0,936507834 0,750946917 1,043520762 2,392987072 2,207426155 2,5 2,591134799 2,180269567 2,5
-0,14991849126897 -0,620125881872734 -0,770044373141704
-2,591134791 -2,180269568 2,5 -2,785534574 -2,133272462 2,5 -1,329055376 -0,676793264 1,043520802 -1,329055328 -0,676793226 1,043520762 -1,134655553 -0,72379033 1,043520762
-0,148444396871165 -0,614028407967646 -0,775198926241693
-1,134655553 -0,72379033 1,043520762 -1,329055328 -0,676793226 1,043520762
-0,147000171444803 -0,608054484680633 -0,780167093163361
-1,134655553 -0,72379033 1,043520762 -1,329055328 -0,676793226 1,043520762 -1,327994513 -0,675915412 1,042636722 -1,133594738 -0,722912516 1,042636722
-0,145560428524065 -0,602099102920614 -0,785040656214748
-1,133594738 -0,722912516 1,042636722 -1,327994513 -0,675915412 1,042636722 -1,327994459 -0,675915366 1,042636677 -1,326761665 -0,675064032 1,041755151 -1,227194642 -0,617666435 0,979271687 -1,226842367 -0,617495142 0,979074993 -1,044705095 -0,661527726 0,979074993
-0,144121835538278 -0,596148477774805 -0,789832823430288
-1,044705095 -0,661527726 0,979074993 -1,226842367 -0,617495142 0,979074993 -1,226476705 -0,617314257 0,978871742 -1,04437999 -0,661337036 0,978871742 -1,044380026 -0,661337062 0,978871768
-0,142688458584629 -0,59021942832991 -0,794531956694416
-1,04437999 -0,661337036 0,978871742 -1,226476705 -0,617314257 0,978871742 -1,226097463 -0,617123451 0,978661894 -1,044043037 -0,661136006 0,978661894 -1,044042927 -0,661135936 0,978661822
-0,142192106951404 -0,588166309387295 -0,796141819792459
-1,044043037 -0,661136006 0,978661894 -1,226097463 -0,617123451 0,978661894 -1,176879385 -0,592216167 0,951470699 -1,000324617 -0,634899153 0,951470699 -1,000324618 -0,634899159 0,951470703
-0,132446989825049 -0,547856409649233 -0,826021276537436
-1,000324617 -0,634899153 0,951470699 -1,176879385 -0,592216167 0,951470699 -1,15949007 -0,582393541 0,942167608 -0,984954263 -0,624588433 0,942167608
-0,12033649310352 -0,497762305874659 -0,858924801876095
-0,984954263 -0,624588433 0,942167608 -1,15949007 -0,582393541 0,942167608 -1,127069632 -0,561582722 0,92556522 -0,956483257 -0,60282282 0,92556522 -0,956483257 -0,602822816 0,925565218
-0,109608768377891 -0,453387928173423 -0,884548079236676
-0,956483257 -0,60282282 0,92556522 -1,127069632 -0,561582722 0,92556522 -1,073110497 -0,523003484 0,899104527 -0,909389903 -0,562583745 0,899104527 -0,909389904 -0,562583741 0,899104525
-0,0999418345945209 -0,413401427597838 -0,905047451439951
-0,909389903 -0,562583745 0,899104527 -1,073110497 -0,523003484 0,899104527 -1,065635411 -0,517129787 0,895596127 -1,063399469 -0,515649563 0,894673092 -0,90119914 -0,554862293 0,894673092
-0,0988020668769644 -0,408686869340233 -0,907310968968038
-0,90119914 -0,554862293 0,894673092 -1,063399469 -0,515649563 0,894673092 -1,061095927 -0,514108176 0,893727948 -0,899174226 -0,553253546 0,893727948 -0,89917422 -0,553253539 0,893727944
-0,0976733768748543 -0,404018133169031 -0,909521445332915
-0,899174226 -0,553253546 0,893727948 -1,061095927 -0,514108176 0,893727948 -1,058722318 -0,51250302 0,892760021 -0,897088948 -0,551578685 0,892760021 -0,897088959 -0,551578695 0,892760026
-0,0965557649137327 -0,399395220430811 -0,911680010836559
-0,897088948 -0,551578685 0,892760021 -1,058722318 -0,51250302 0,892760021 -1,056276798 -0,510831866 0,891768905 -0,894941751 -0,549835409 0,891768905
-0,0954492254396772 -0,394818108152216 -0,913787779978519
-0,894941751 -0,549835409 0,891768905 -1,056276798 -0,510831866 0,891768905 -0,984986803 -0,461610124 0,863055225 -0,832384865 -0,498502395 0,863055225 -0,832384866 -0,49850239 0,863055223
-0,0869477689437791 -0,359652511419635 -0,929026456299953
-0,832384865 -0,498502395 0,863055225 -0,984986803 -0,461610124 0,863055225 -0,907578913 -0,403784676 0,833424733 -0,901317575 -0,399837083 0,831310508 -0,759952888 -0,434012693 0,831310508
-0,0858999689721482 -0,35531837040785 -0,930790014440042
-0,759952888 -0,434012693 0,831310508 -0,901317575 -0,399837083 0,831310508 -0,894822663 -0,395703478 0,829133155 -0,754226362 -0,429693327 0,829133155
-0,0848636198974395 -0,351031595117878 -0,932510045654684
-0,754226362 -0,429693327 0,829133155 -0,894822663 -0,395703478 0,829133155 -0,888084405 -0,391374917 0,826890504 -0,748288176 -0,425171345 0,826890504 -0,748288182 -0,425171351 0,826890507
-0,0838386668635976 -0,346791958642021 -0,934187569688104
-0,748288176 -0,425171345 0,826890504 -0,888084405 -0,391374917 0,826890504 -0,881093148 -0,386842377 0,82458049 -0,742130026 -0,420437397 0,82458049 -0,742130012 -0,420437385 0,824580484
-0,0828250513713894 -0,342599219002867 -0,935823587009834
-0,742130026 -0,420437397 0,82458049 -0,881093148 -0,386842377 0,82458049 -0,873838478 -0,382096178 0,822200862 -0,735742947 -0,415481453 0,822200862 -0,735742899 -0,415481408 0,822200841
-0,0818227115006647 -0,338453120072655 -0,937419078852017
-0,735742947 -0,415481453 0,822200862 -0,873838478 -0,382096178 0,822200862 -0,860276321 -0,373143537 0,817784756 -0,723808482 -0,40613531 0,817784756 -0,723808482 -0,406135302 0,817784753
-0,0743579093927638 -0,307575561534113 -0,948613817766594
-0,723808482 -0,40613531 0,817784756 -0,860276321 -0,373143537 0,817784756 -0,742982945 -0,290385033 0,781757257 -0,730124692 -0,282743187 0,778271584 -0,611028882 -0,311535187 0,778271584
-0,0733981549380581 -0,303605613780718 -0,949966495268397
-0,611028882 -0,311535187 0,778271584 -0,730124692 -0,282743187 0,778271584 -0,716652273 -0,274669042 0,774650186 -0,599143646 -0,303077332 0,774650186 -0,59914379 -0,303077454 0,774650236
-0,0724500660688541 -0,299683919791322 -0,95128362550037
-0,599143646 -0,303077332 0,774650186 -0,716652273 -0,274669042 0,774650186 -0,702534492 -0,266137931 0,770887406 -0,586694222 -0,294142888 0,770887406 -0,586694188 -0,294142858 0,770887394
-0,071513545091162 -0,295810075462528 -0,952566119554621
-0,586694222 -0,294142888 0,770887406 -0,702534492 -0,266137931 0,770887406 -0,687738781 -0,257123937 0,766977416 -0,573652381 -0,284704887 0,766977416 -0,573652383 -0,284704889 0,766977417
-0,0705884925021875 -0,291983669208964 -0,953814867593045
-0,573652381 -0,284704887 0,766977416 -0,687738781 -0,257123937 0,766977416 -0,675438304 -0,249569527 0,76375453 -0,562814454 -0,276796898 0,76375453
-0,0639464011130509 -0,264509187940487 -0,962260748071827
-0,562814454 -0,276796898 0,76375453 -0,675438304 -0,249569527 0,76375453 -0,672301308 -0,247528351 0,762984978 -0,560058895 -0,274663508 0,762984978 -0,56005891 -0,274663522 0,762984983
-0,063120244785826 -0,261091858185841 -0,963248086573361
-0,560058895 -0,274663508 0,762984978 -0,672301308 -0,247528351 0,762984978 -0,656400222 -0,23710723 0,759118321 -0,546096758 -0,263773637 0,759118321 -0,54609678 -0,263773658 0,759118328
-0,062304431153223 -0,257717310162582 -0,964209492745864
-0,546096758 -0,263773637 0,759118321 -0,656400222 -0,23710723 0,759118321 -0,570889361 -0,180666633 0,738507215 -0,548234758 -0,16814636 0,733696877 -0,453525688 -0,191042745 0,733696877
-0,0614290326768858 -0,254096294185609 -0,965226163769675
-0,453525688 -0,191042745 0,733696877 -0,548234758 -0,16814636 0,733696877 -0,524213995 -0,15477119 0,728647124 -0,432372833 -0,176974244 0,728647124 -0,432372721 -0,176974155 0,728647094
-0,0605654577651192 -0,250524185440453 -0,96621398139082
-0,432372833 -0,176974244 0,728647124 -0,524213995 -0,15477119 0,728647124 -0,498740197 -0,140481697 0,723345301 -0,409948526 -0,161947522 0,723345301 -0,409948606 -0,161947586 0,723345323
-0,0597135727965603 -0,247000431213005 -0,967173756987057
-0,409948526 -0,161947522 0,723345301 -0,498740197 -0,140481697 0,723345301 -0,471722528 -0,125215255 0,717778422 -0,386173659 -0,145897116 0,717778422
-0,0588732439131207 -0,243524477809957 -0,968106280249505
-0,386173659 -0,145897116 0,717778422 -0,471722528 -0,125215255 0,717778422 -0,443063003 -0,108904176 0,711932549 -0,360962958 -0,128752267 0,711932549 -0,360962896 -0,128752217 0,711932533
-0,058044337141717 -0,240095771062337 -0,969012319655308
-0,360962958 -0,128752267 0,711932549 -0,443063003 -0,108904176 0,711932549 -0,412656716 -0,091475736 0,705792888 -0,334225155 -0,110436953 0,705792888
-0,0572267185086172 -0,236713756798486 -0,969892622938788
-0,334224795 -0,110436742 0,705792815 -0,334225155 -0,110436953 0,705792888 -0,412656716 -0,091475736 0,705792888 -0,391647035 -0,07934871 0,701593506 -0,315756764 -0,097695557 0,701593506 -0,315756765 -0,097695603 0,701593518
-0,0515197632034575 -0,213107391356407 -0,975669490016331
-0,315756764 -0,097695557 0,701593506 -0,391647035 -0,07934871 0,701593506 -0,39068301 -0,07876437 0,701414969 -0,378543394 -0,073145659 0,699546694 -0,306066193 -0,09066738 0,699546694
-0,0507971192617908 -0,210118232328639 -0,976355458384799
-0,306066193 -0,09066738 0,699546694 -0,378543394 -0,073145659 0,699546694 -0,362632012 -0,065728259 0,697122594 -0,349404074 -0,06110604 0,695439648 -0,286424933 -0,076331558 0,695439648
-0,0500049241993727 -0,206841380637169 -0,977095773612763
-0,286424933 -0,076331558 0,695439648 -0,349404074 -0,06110604 0,695439648 -0,309146717 -0,046909493 0,690374126 -0,297952719 -0,044079552 0,68920218 -0,251996624 -0,055189665 0,68920218 -0,251996648 -0,055189682 0,689202185
-0,049224706462313 -0,203614072196753 -0,977812987169405
-0,251996624 -0,055189665 0,68920218 -0,297952719 -0,044079552 0,68920218 -0,235938039 -0,028230459 0,682779937 -0,233523897 -0,027831015 0,682575227 -0,214990196 -0,032311628 0,682575227
-0,0484562988182463 -0,200435615264047 -0,978507818690561
-0,214990196 -0,032311628 0,682575227 -0,233523897 -0,027831015 0,682575227 -0,198289204 -0,021918283 0,679619231
0,0484562988182463 0,200435615264047 -0,978507818690561
0,198289202 0,021918283 0,679619231 0,214990049 0,032311539 0,682575201 0,214990094 0,032311562 0,682575208 0,233523673 0,027830978 0,682575208
0,049224706462313 0,203614072196753 -0,977812987169405
0,235938057 0,028230462 0,682779938 0,233523673 0,027830978 0,682575208 0,214990094 0,032311562 0,682575208 0,251996844 0,055189798 0,689202219 0,251996577 0,055189658 0,689202176 0,297952685 0,044079542 0,689202176
0,0500049241993727 0,206841380637169 -0,977095773612763
0,309146717 0,046909491 0,690374126 0,297952685 0,044079542 0,689202176 0,251996577 0,055189658 0,689202176 0,286425069 0,07633166 0,695439677 0,349404304 0,06110612 0,695439677
0,0507971192617908 0,210118232328639 -0,976355458384799
0,362631988 0,06572825 0,69712259 0,349404304 0,06110612 0,695439677 0,286425069 0,07633166 0,695439677 0,306066153 0,090667354 0,699546686 0,306066094 0,090667317 0,699546675 0,378543269 0,073145603 0,699546675
0,0515197632034575 0,213107391356407 -0,975669490016331
0,39068301 0,078764371 0,701414969 0,378543269 0,073145603 0,699546675 0,306066094 0,090667317 0,699546675 0,31575679 0,097695585 0,701593514 0,315756799 0,097695588 0,701593515 0,391647079 0,079348738 0,701593515
0,0572267185086172 0,236713756798486 -0,969892622938788
0,391647079 0,079348738 0,701593515 0,315756799 0,097695588 0,701593515 0,334224639 0,110436595 0,705792769 0,334224691 0,110436626 0,70579278 0,412656175 0,091475427 0,70579278
0,058044337141717 0,240095771062337 -0,969012319655308
0,412656175 0,091475427 0,70579278 0,334224691 0,110436626 0,70579278 0,360962782 0,128752138 0,711932507 0,360962811 0,128752154 0,711932513 0,44306282 0,108904072 0,711932513
0,0588732439131207 0,243524477809957 -0,968106280249505
0,44306282 0,108904072 0,711932513 0,360962811 0,128752154 0,711932513 0,386173771 0,145897188 0,717778448 0,386173771 0,145897187 0,717778448 0,471722649 0,125215324 0,717778448
0,0597135727965603 0,247000431213005 -0,967173756987057
0,471722649 0,125215324 0,717778448 0,386173771 0,145897187 0,717778448 0,409948593 0,161947563 0,723345316 0,409948577 0,161947554 0,723345313 0,498740252 0,140481728 0,723345313
0,0605654577651192 0,250524185440453 -0,96621398139082
0,498740252 0,140481728 0,723345313 0,409948577 0,161947554 0,723345313 0,432372854 0,176974245 0,728647127 0,43237287 0,176974255 0,72864713 0,524214018 0,154771204 0,72864713
0,0614290326768858 0,254096294185609 -0,965226163769675
0,524214018 0,154771204 0,72864713 0,43237287 0,176974255 0,72864713 0,453525694 0,191042749 0,733696879 0,548234764 0,168146364 0,733696879
0,062304431153223 0,257717310162582 -0,964209492745864
0,570889372 0,18066664 0,738507218 0,548234764 0,168146364 0,733696879 0,453525694 0,191042749 0,733696879 0,546097092 0,263773899 0,759118413 0,546097076 0,263773888 0,759118409 0,656400586 0,23710747 0,759118409
0,063120244785826 0,261091858185841 -0,963248086573361
0,656400586 0,23710747 0,759118409 0,546097076 0,263773888 0,759118409 0,560058843 0,274663467 0,762984963 0,560058737 0,274663397 0,762984937 0,67230114 0,247528242 0,762984937
0,0639464011130509 0,264509187940487 -0,962260748071827
0,67230114 0,247528242 0,762984937 0,560058737 0,274663397 0,762984937 0,562814409 0,276796873 0,76375452 0,562814437 0,27679688 0,763754524 0,675438278 0,249569511 0,763754524
0,0705884925021875 0,291983669208964 -0,953814867593045
0,675438278 0,249569511 0,763754524 0,562814437 0,27679688 0,763754524 0,573652572 0,284705021 0,766977472 0,573652475 0,284704961 0,766977446 0,687738894 0,257124006 0,766977446
0,071513545091162 0,295810075462528 -0,952566119554621
0,687738894 0,257124006 0,766977446 0,573652475 0,284704961 0,766977446 0,58669433 0,294142971 0,77088744 0,58669435 0,294142983 0,770887445 0,70253464 0,266138021 0,770887445
0,0724500660688541 0,299683919791322 -0,95128362550037
0,70253464 0,266138021 0,770887445 0,58669435 0,294142983 0,770887445 0,599143559 0,303077278 0,774650162 0,599143616 0,303077313 0,774650177 0,716652241 0,274669023 0,774650177
0,0733981549380581 0,303605613780718 -0,949966495268397
0,716652241 0,274669023 0,774650177 0,599143616 0,303077313 0,774650177 0,611028837 0,311535138 0,778271564 0,73012462 0,282743145 0,778271564
0,0743579093927638 0,307575561534113 -0,948613817766594
0,742982952 0,290385038 0,781757259 0,73012462 0,282743145 0,778271564 0,611028837 0,311535138 0,778271564 0,723808507 0,40613532 0,817784761 0,7238085 0,406135318 0,81778476 0,860276334 0,373143546 0,81778476
0,0818227115006647 0,338453120072655 -0,937419078852017
0,860276334 0,373143546 0,81778476 0,7238085 0,406135318 0,81778476 0,735742994 0,415481492 0,822200879 0,735743056 0,415481533 0,8222009 0,873838595 0,382096256 0,8222009
0,0828250513713894 0,342599219002867 -0,935823587009834
0,873838595 0,382096256 0,8222009 0,735743056 0,415481533 0,8222009 0,742130037 0,420437409 0,824580494 0,742129993 0,42043738 0,82458048 0,881093118 0,386842359 0,82458048
0,0838386668635976 0,346791958642021 -0,934187569688104
0,881093118 0,386842359 0,82458048 0,742129993 0,42043738 0,82458048 0,748288174 0,425171354 0,826890506 0,748288231 0,425171391 0,826890525 0,88808447 0,39137496 0,826890525
0,0848636198974395 0,351031595117878 -0,932510045654684
0,88808447 0,39137496 0,826890525 0,748288231 0,425171391 0,826890525 0,754226337 0,429693312 0,829133146 0,754226299 0,429693287 0,829133133 0,894822599 0,395703438 0,829133133
0,0858999689721482 0,35531837040785 -0,930790014440042
0,894822599 0,395703438 0,829133133 0,754226299 0,429693287 0,829133133 0,759952967 0,434012759 0,83131054 0,901317671 0,399837144 0,83131054
0,0869477689437791 0,359652511419635 -0,929026456299953
0,907578896 0,403784666 0,833424727 0,901317671 0,399837144 0,83131054 0,759952967 0,434012759 0,83131054 0,832384847 0,498502375 0,863055214 0,832384817 0,498502366 0,863055208 0,984986758 0,461610094 0,863055208
0,0954492254396772 0,394818108152216 -0,913787779978519
0,984986758 0,461610094 0,863055208 0,832384817 0,498502366 0,863055208 0,894941676 0,549835364 0,891768878 0,894941811 0,549835458 0,891768933 1,056276865 0,510831913 0,891768933
0,0965557649137327 0,399395220430811 -0,911680010836559
1,056276865 0,510831913 0,891768933 0,894941811 0,549835458 0,891768933 0,897089044 0,551578763 0,892760065 0,897089032 0,551578754 0,89276006 1,058722413 0,512503087 0,89276006
0,0976733768748543 0,404018133169031 -0,909521445332915
1,058722413 0,512503087 0,89276006 0,897089032 0,551578754 0,89276006 0,899174195 0,553253521 0,893727933 1,06109589 0,514108153 0,893727933
0,0988020668769644 0,408686869340233 -0,907310968968038
1,06109589 0,514108153 0,893727933 0,899174195 0,553253521 0,893727933 0,901199178 0,554862325 0,89467311 1,063399512 0,515649594 0,89467311
0,0999418345945209 0,413401427597838 -0,905047451439951
1,065635423 0,517129797 0,895596132 1,063399512 0,515649594 0,89467311 0,901199178 0,554862325 0,89467311 0,909389907 0,562583744 0,899104526 0,909389914 0,562583746 0,899104528 1,0731105 0,523003487 0,899104528
0,109608768377891 0,453387928173423 -0,884548079236676
1,0731105 0,523003487 0,899104528 0,909389914 0,562583746 0,899104528 0,95648325 0,602822811 0,925565214 0,956483245 0,60282281 0,925565213 1,127069618 0,561582713 0,925565213
0,12033649310352 0,497762305874659 -0,858924801876095
1,127069618 0,561582713 0,925565213 0,956483245 0,60282281 0,925565213 0,984954265 0,624588437 0,942167611 0,984954258 0,624588436 0,942167609 1,159490072 0,582393542 0,942167609
0,132446989825049 0,547856409649233 -0,826021276537436
1,159490072 0,582393542 0,942167609 0,984954258 0,624588436 0,942167609 1,000324615 0,634899158 0,951470702 1,000324629 0,634899162 0,951470707 1,1768794 0,592216175 0,951470707
0,142192106951404 0,588166309387295 -0,796141819792459
1,1768794 0,592216175 0,951470707 1,000324629 0,634899162 0,951470707 1,044042992 0,661135975 0,978661862 1,226097406 0,617123422 0,978661862
0,142688458584629 0,59021942832991 -0,794531956694416
1,226097406 0,617123422 0,978661862 1,044042992 0,661135975 0,978661862 1,044379961 0,661337019 0,978871723 1,044379926 0,661337001 0,978871704 1,226476637 0,617314223 0,978871704
0,144121835538278 0,596148477774805 -0,789832823430288
1,226476637 0,617314223 0,978871704 1,044379926 0,661337001 0,978871704 1,044705167 0,661527766 0,979075036 1,226842445 0,617495181 0,979075036
0,145560428524065 0,602099102920614 -0,785040656214748
1,326761668 0,675064034 1,041755153 1,227194645 0,617666437 0,979271688 1,226842445 0,617495181 0,979075036 1,044705167 0,661527766 0,979075036 1,133594679 0,722912466 1,042636672 1,32799446 0,67591536 1,042636672 1,327994505 0,675915398 1,042636709
0,147000171444803 0,608054484680633 -0,780167093163361
1,32799446 0,67591536 1,042636672 1,133594679 0,722912466 1,042636672 1,134655549 0,723790326 1,043520758 1,329055332 0,676793219 1,043520758 1,329055339 0,676793227 1,043520765
0,148470021714784 0,61413440308948 -0,775110048698854
1,329055332 0,676793219 1,043520758 1,134655549 0,723790326 1,043520758 1,134655553 0,723790331 1,043520762 1,134655601 0,723790369 1,043520802 1,329055376 0,676793265 1,043520802
0,14991849126897 0,620125881872734 -0,770044373141704
1,329055376 0,676793265 1,043520802 1,134655601 0,723790369 1,043520802 2,591134799 2,180269567 2,5 2,785534574 2,133272462 2,5
