0 0,707106781186547 -0,707106781186547
-1,180827146 2,816396662 2,5 2,183603344 2,816396662 2,5 0,501388099 1,134181417 0,817784755
-0,707106781186547 0 -0,707106781186547
-0,385196868 -0,849949497 0,701593525 -0,447357869 -1,010766363 0,763754525 -0,501388099 -1,134181417 0,817784755 -2,183603344 -2,816396662 2,5 -2,183603344 1,180827136 2,5 -0,326256011 -0,676520197 0,642652667
0 0 1
-2,183603344 -2,816396662 2,5 1,180827146 -2,816396662 2,5 1,349121343 -2,708336201 2,5 1,505786733 -2,584014201 2,5 1,649257942 -2,444672867 2,5 1,778101485 -2,291704424 2,5 1,89102997 -2,126637316 2,5 1,986915088 -1,951120784 2,5 2,064798751 -1,766908597 2,5 2,123902795 -1,575841292 2,5 2,163636659 -1,379827988 2,5 2,183603344 -1,180827136 2,5 2,183603344 2,816396662 2,5 -1,180827146 2,816396662 2,5 -1,349121343 2,708336201 2,5 -1,505786734 2,5840142 2,5 -1,649257938 2,444672872 2,5 -1,778101491 2,291704416 2,5 -1,891029972 2,126637313 2,5 -1,986915085 1,95112079 2,5 -2,064798751 1,766908597 2,5 -2,123902796 1,575841289 2,5 -2,163636658 1,379827991 2,5 -2,183603344 1,180827136 2,5
0,707106781186547 0 -0,707106781186547
2,183603344 -1,180827136 2,5 0,326256011 0,676520197 0,642652667 0,385196868 0,849949497 0,701593525 0,447357869 1,010766363 0,763754525 0,501388099 1,134181417 0,817784755 2,183603344 2,816396662 2,5
0 -0,707106781186547 -0,707106781186547
1,180827146 -2,816396662 2,5 -2,183603344 -2,816396662 2,5 -0,501388099 -1,134181417 0,817784755
-0,671034639606385 0,0673280405228845 -0,738362680129269
-0,262669033 -0,521139634 0,599032375 -0,310989629 -0,642035593 0,631922858 -0,326256011 -0,676520197 0,642652667 -2,183603344 1,180827136 2,5 -2,163636658 1,379827991 2,5
0,671034639606385 -0,0673280405228845 -0,738362680129269
2,183603344 -1,180827136 2,5 2,163636659 -1,379827988 2,5 0,262669034 0,521139636 0,599032376 0,310989629 0,642035593 0,631922858 0,326256011 0,676520197 0,642652667
-0,634029525458902 0,12852414761932 -0,762553673078221
-0,185181663 -0,362879844 0,561278867 -0,198660879 -0,392457521 0,567501085 -0,238895208 -0,473707617 0,587259895 -0,262669033 -0,521139634 0,599032375 -2,163636658 1,379827991 2,5 -2,123902796 1,575841289 2,5
0,634029525458902 -0,12852414761932 -0,762553673078221
0,262669034 0,521139636 0,599032376 2,163636659 -1,379827988 2,5 2,123902795 -1,575841292 2,5 0,185181661 0,362879842 0,561278866 0,198660879 0,392457521 0,567501085 0,238895207 0,473707617 0,587259895
-0,596544643945104 0,184532882882685 -0,781077526827788
-0,099534777 -0,198355377 0,534736026 -0,129581264 -0,261841976 0,542684924 -0,135608159 -0,273295722 0,544581943 -0,157241375 -0,312894231 0,551748904 -0,185181663 -0,362879844 0,561278867 -2,123902796 1,575841289 2,5 -2,064798751 1,766908597 2,5
0,596544643945104 -0,184532882882685 -0,781077526827788
0,135608171 0,273295744 0,544581947 0,157241375 0,312894231 0,551748904 0,185181661 0,362879842 0,561278866 2,123902795 -1,575841292 2,5 2,064798751 -1,766908597 2,5 0,099534777 0,198355377 0,534736025 0,129581258 0,261841964 0,542684922
-0,558746883798014 0,236234393460878 -0,794981277258892
-0,012645982 -0,023148313 0,525730896 -0,077630499 -0,157976847 0,531339531 -0,099534777 -0,198355377 0,534736026 -2,064798751 1,766908597 2,5 -1,986915085 1,95112079 2,5
0,558746883798014 -0,236234393460878 -0,794981277258892
2,064798751 -1,766908597 2,5 1,986915088 -1,951120784 2,5 0,012645984 0,02314832 0,525730896 0,077630497 0,157976844 0,531339531 0,099534777 0,198355377 0,534736025
-0,520614634656076 0,284413071161727 -0,805027705817803
0,077630497 0,157976844 0,531339531 0,012645984 0,02314832 0,525730896 -0,012645982 -0,023148313 0,525730896 -1,986915085 1,95112079 2,5 -1,891029972 2,126637313 2,5
0,520614634656076 -0,284413071161727 -0,805027705817803
-0,012645982 -0,023148313 0,525730896 0,012645984 0,02314832 0,525730896 1,986915088 -1,951120784 2,5 1,89102997 -2,126637316 2,5 -0,077630499 -0,157976847 0,531339531
-0,48199852418276 0,329752931959796 -0,811751456142556
0,154397423 0,359205503 0,567501087 0,129581258 0,261841964 0,542684922 0,099534777 0,198355377 0,534736025 0,077630497 0,157976844 0,531339531 -1,891029972 2,126637313 2,5 -1,778101491 2,291704416 2,5
0,48199852418276 -0,329752931959796 -0,811751456142556
-0,099534777 -0,198355377 0,534736026 -0,077630499 -0,157976847 0,531339531 1,89102997 -2,126637316 2,5 1,778101485 -2,291704424 2,5 -0,154397428 -0,35920551 0,567501086 -0,154397428 -0,359205514 0,567501088 -0,129581264 -0,261841976 0,542684924
-0,442656609678255 0,37284451886717 -0,815501128545425
0,218819204 0,57659573 0,631922858 0,154397437 0,35920553 0,567501091 0,154397423 0,359205503 0,567501087 -1,778101491 2,291704416 2,5 -1,649257938 2,444672872 2,5
0,442656609678255 -0,37284451886717 -0,815501128545425
1,778101485 -2,291704424 2,5 1,649257942 -2,444672867 2,5 -0,2188192 -0,576595725 0,631922858 -0,154397428 -0,35920551 0,567501086
-0,402272395157995 0,414195168491665 -0,81646756364966
0,292619743 0,785607724 0,701593524 0,222949077 0,580606723 0,631922858 0,218819204 0,57659573 0,631922858 -1,649257938 2,444672872 2,5 -1,505786734 2,5840142 2,5
0,402272395157995 -0,414195168491665 -0,81646756364966
1,649257942 -2,444672867 2,5 1,505786733 -2,584014201 2,5 -0,292619742 -0,785607726 0,701593525 -0,222949075 -0,58060672 0,631922858 -0,2188192 -0,576595725 0,631922858
0,349571330668994 -0,359932120496194 -0,865013730185494
-0,2188192 -0,576595725 0,631922858 -0,222949075 -0,58060672 0,631922858 -0,222949076 -0,58060672 0,631922858 -0,158527306 -0,363216512 0,567501088 -0,154397428 -0,359205514 0,567501088 -0,154397428 -0,35920551 0,567501086
0,297484913460129 -0,306301937039335 -0,904257623484353
-0,129581264 -0,261841976 0,542684924 -0,154397428 -0,359205514 0,567501088 -0,158527306 -0,363216512 0,567501088 -0,158527305 -0,363216513 0,567501089 -0,135608159 -0,273295722 0,544581943
-0,297484913460129 0,306301937039335 -0,904257623484353
0,135608171 0,273295744 0,544581947 0,129581258 0,261841964 0,542684922 0,154397423 0,359205503 0,567501087 0,154397437 0,35920553 0,567501091 0,158527315 0,363216527 0,567501091
-0,349571330668994 0,359932120496194 -0,865013730185494
0,158527309 0,363216517 0,567501089 0,158527315 0,363216527 0,567501091 0,154397437 0,35920553 0,567501091 0,218819204 0,57659573 0,631922858 0,222949077 0,580606723 0,631922858
-0,360461274349256 0,454238236979875 -0,814699511329131
0,387124132 0,972090726 0,763754525 0,324963132 0,811273859 0,701593525 0,324963129 0,811273855 0,701593524 0,292619743 0,785607724 0,701593524 -1,505786734 2,5840142 2,5 -1,349121343 2,708336201 2,5
0,360461274349256 -0,454238236979875 -0,814699511329131
1,505786733 -2,584014201 2,5 1,349121343 -2,708336201 2,5 -0,387124132 -0,972090726 0,763754525 -0,324963132 -0,81127386 0,701593525 -0,292619742 -0,785607726 0,701593525
0,317486495248822 -0,400083215949053 -0,859730042310075
-0,292619742 -0,785607726 0,701593525 -0,324963132 -0,81127386 0,701593525 -0,324963133 -0,81127386 0,701593525 -0,255292466 -0,606272854 0,631922858 -0,222949076 -0,58060672 0,631922858 -0,222949075 -0,58060672 0,631922858
0,27559614647696 -0,347294748708142 -0,896344309719652
-0,222949076 -0,58060672 0,631922858 -0,255292466 -0,606272854 0,631922858 -0,255292465 -0,606272855 0,631922858 -0,210629502 -0,455558416 0,587259895 -0,181448075 -0,381405317 0,567501089 -0,158527305 -0,363216513 0,567501089 -0,158527306 -0,363216512 0,567501088
0,234765844236023 -0,295842107814162 -0,925938683512154
-0,135608159 -0,273295722 0,544581943 -0,158527305 -0,363216513 0,567501089 -0,181448075 -0,381405317 0,567501089 -0,181448083 -0,381405312 0,567501085 -0,157241375 -0,312894231 0,551748904
-0,234765844236023 0,295842107814162 -0,925938683512154
0,157241375 0,312894231 0,551748904 0,135608171 0,273295744 0,544581947 0,158527315 0,363216527 0,567501091 0,158527309 0,363216517 0,567501089 0,181448089 0,381405329 0,567501089
-0,27559614647696 0,347294748708142 -0,896344309719652
0,2106295 0,455558415 0,587259895 0,181448068 0,381405302 0,567501085 0,181448089 0,381405329 0,567501089 0,158527309 0,363216517 0,567501089 0,222949077 0,580606723 0,631922858 0,255292463 0,606272854 0,631922858
-0,317486495248822 0,400083215949053 -0,859730042310075
0,255292463 0,606272854 0,631922858 0,222949077 0,580606723 0,631922858 0,292619743 0,785607724 0,701593524 0,324963129 0,811273855 0,701593524
-0,316769062721123 0,49333858521356 -0,810107647934683
0,501388099 1,134181417 0,817784755 0,447357869 1,010766363 0,763754525 0,387124132 0,972090726 0,763754525 -1,349121343 2,708336201 2,5 -1,180827146 2,816396662 2,5
0,316769062721123 -0,49333858521356 -0,810107647934683
1,349121343 -2,708336201 2,5 1,180827146 -2,816396662 2,5 -0,501388099 -1,134181417 0,817784755 -0,447357869 -1,010766363 0,763754525 -0,387124132 -0,972090726 0,763754525
0,281702340321618 -0,438725400870244 -0,853325151444962
-0,387124132 -0,972090726 0,763754525 -0,447357869 -1,010766363 0,763754525 -0,385196868 -0,849949497 0,701593525 -0,324963133 -0,81127386 0,701593525 -0,324963132 -0,81127386 0,701593525
0,247991123449506 -0,3862232913061 -0,888443567112135
-0,324963133 -0,81127386 0,701593525 -0,385196868 -0,849949497 0,701593525 -0,326256011 -0,676520197 0,642652667 -0,310989629 -0,642035593 0,631922858 -0,255292465 -0,606272855 0,631922858 -0,255292466 -0,606272854 0,631922858
0,215493484136062 -0,335611216806294 -0,917021084516981
-0,255292465 -0,606272855 0,631922858 -0,310989629 -0,642035593 0,631922858 -0,262669033 -0,521139634 0,599032375 -0,238895208 -0,473707617 0,587259895 -0,210629502 -0,455558416 0,587259895
0,210798011413082 -0,32829845131662 -0,920752043303407
-0,210629502 -0,455558416 0,587259895 -0,238895208 -0,473707617 0,587259895 -0,198660879 -0,392457521 0,567501085 -0,181448083 -0,381405312 0,567501085 -0,181448075 -0,381405317 0,567501089
0,180038810913726 -0,280393834854715 -0,942849576518035
-0,181448083 -0,381405312 0,567501085 -0,198660879 -0,392457521 0,567501085 -0,185181663 -0,362879844 0,561278867 -0,157241375 -0,312894231 0,551748904
-0,180038810913726 0,280393834854715 -0,942849576518035
0,185181661 0,362879842 0,561278866 0,157241375 0,312894231 0,551748904 0,181448089 0,381405329 0,567501089 0,181448068 0,381405302 0,567501085 0,198660879 0,392457521 0,567501085
-0,210798011413082 0,32829845131662 -0,920752043303407
0,198660879 0,392457521 0,567501085 0,181448068 0,381405302 0,567501085 0,2106295 0,455558415 0,587259895 0,238895207 0,473707617 0,587259895
-0,215493484136062 0,335611216806294 -0,917021084516981
0,262669034 0,521139636 0,599032376 0,238895207 0,473707617 0,587259895 0,2106295 0,455558415 0,587259895 0,255292463 0,606272854 0,631922858 0,310989629 0,642035593 0,631922858
-0,247991123449506 0,3862232913061 -0,888443567112135
0,326256011 0,676520197 0,642652667 0,310989629 0,642035593 0,631922858 0,255292463 0,606272854 0,631922858 0,324963129 0,811273855 0,701593524 0,324963132 0,811273859 0,701593525 0,385196868 0,849949497 0,701593525
-0,281702340321618 0,438725400870244 -0,853325151444962
0,385196868 0,849949497 0,701593525 0,324963132 0,811273859 0,701593525 0,387124132 0,972090726 0,763754525 0,447357869 1,010766363 0,763754525
