0 0,707106781186547 -0,707106781186547
-1,459498163 2,862685224 2,5 2,13731478 2,862685224 2,5 0,338908309 1,064278752 0,701593528
-0,707106781186547 0 -0,707106781186547
-0,204815869 -0,64188753 0,567501089 -0,269237638 -0,859277736 0,631922858 -0,338908309 -1,064278752 0,701593528 -2,13731478 -2,862685224 2,5 -2,13731478 1,459498169 2,5 -0,170512935 -0,507303676 0,533198155
0 0 1
-2,13731478 -2,862685224 2,5 1,459498163 -2,862685224 2,5 1,602969381 -2,723343882 2,5 1,73181292 -2,570375442 2,5 1,844741409 -2,405308329 2,5 1,940626523 -2,229791804 2,5 2,018510189 -2,045579613 2,5 2,077614233 -1,854512304 2,5 2,117348097 -1,658498999 2,5 2,13731478 -1,459498169 2,5 2,13731478 2,862685224 2,5 -1,459498163 2,862685224 2,5 -1,602969381 2,723343882 2,5 -1,73181292 2,570375442 2,5 -1,844741409 2,405308329 2,5 -1,940626523 2,229791804 2,5 -2,018510189 2,045579613 2,5 -2,077614233 1,854512304 2,5 -2,117348097 1,658498999 2,5 -2,13731478 1,459498169 2,5
0,707106781186547 0 -0,707106781186547
2,13731478 -1,459498169 2,5 0,170512935 0,507303676 0,533198155 0,204815869 0,64188753 0,567501089 0,269237638 0,859277736 0,631922858 0,338908309 1,064278752 0,701593528 2,13731478 2,862685224 2,5
0 -0,707106781186547 -0,707106781186547
1,459498163 -2,862685224 2,5 -2,13731478 -2,862685224 2,5 -0,338908309 -1,064278752 0,701593528
-0,671034639606385 0,0673280405228845 -0,738362680129269
-0,118335094 -0,340514004 0,500986997 -0,140940944 -0,419625976 0,514317647 -0,158837441 -0,47368827 0,525652539 -0,170512935 -0,507303676 0,533198155 -2,13731478 1,459498169 2,5 -2,117348097 1,658498999 2,5
0,671034639606385 -0,0673280405228845 -0,738362680129269
0,158837441 0,47368827 0,525652539 0,170512935 0,507303676 0,533198155 2,13731478 -1,459498169 2,5 2,117348097 -1,658498999 2,5 0,118335094 0,340514004 0,500986997 0,140940944 0,419625976 0,514317647
-0,634029525458902 0,12852414761932 -0,762553673078221
-0,058678255 -0,164423674 0,481064022 -0,074061159 -0,215104122 0,485312318 -0,118335094 -0,340514004 0,500986997 -2,117348097 1,658498999 2,5 -2,077614233 1,854512304 2,5
0,634029525458902 -0,12852414761932 -0,762553673078221
0,074061159 0,215104122 0,485312318 0,118335094 0,340514004 0,500986997 2,117348097 -1,658498999 2,5 2,077614233 -1,854512304 2,5 0,058678255 0,164423674 0,481064022
-0,596544643945104 0,184532882882685 -0,781077526827788
0,006395266 0,020674158 0,475094545 -0,006395266 -0,020674158 0,475094545 -0,058678255 -0,164423674 0,481064022 -2,077614233 1,854512304 2,5 -2,018510189 2,045579613 2,5
0,596544643945104 -0,184532882882685 -0,781077526827788
0,006395266 0,020674158 0,475094545 0,058678255 0,164423674 0,481064022 2,077614233 -1,854512304 2,5 2,018510189 -2,045579613 2,5 -0,006395266 -0,020674158 0,475094545
-0,558746883798014 0,236234393460878 -0,794981277258892
0,074061159 0,215104122 0,485312318 0,058678255 0,164423674 0,481064022 0,006395266 0,020674158 0,475094545 -2,018510189 2,045579613 2,5 -1,940626523 2,229791804 2,5
0,558746883798014 -0,236234393460878 -0,794981277258892
-0,058678255 -0,164423674 0,481064022 -0,006395266 -0,020674158 0,475094545 2,018510189 -2,045579613 2,5 1,940626523 -2,229791804 2,5 -0,074061159 -0,215104122 0,485312318
-0,520614634656076 0,284413071161727 -0,805027705817803
0,140940944 0,419625976 0,514317647 0,118335094 0,340514004 0,500986997 0,074061159 0,215104122 0,485312318 -1,940626523 2,229791804 2,5 -1,844741409 2,405308329 2,5
0,520614634656076 -0,284413071161727 -0,805027705817803
-0,118335094 -0,340514004 0,500986997 -0,074061159 -0,215104122 0,485312318 1,940626523 -2,229791804 2,5 1,844741409 -2,405308329 2,5 -0,140940944 -0,419625976 0,514317647
-0,48199852418276 0,329752931959796 -0,811751456142556
0,200685991 0,637876531 0,567501089 0,158837441 0,47368827 0,525652539 0,140940944 0,419625976 0,514317647 -1,844741409 2,405308329 2,5 -1,73181292 2,570375442 2,5
0,48199852418276 -0,329752931959796 -0,811751456142556
-0,140940944 -0,419625976 0,514317647 1,844741409 -2,405308329 2,5 1,73181292 -2,570375442 2,5 -0,200685992 -0,63787653 0,567501088 -0,200685991 -0,637876533 0,567501089 -0,158837441 -0,47368827 0,525652539
-0,442656609678255 0,37284451886717 -0,815501128545425
0,265107761 0,85526674 0,631922858 0,200685993 0,637876534 0,567501089 0,200685991 0,637876531 0,567501089 -1,73181292 2,570375442 2,5 -1,602969381 2,723343882 2,5
0,442656609678255 -0,37284451886717 -0,815501128545425
1,73181292 -2,570375442 2,5 1,602969381 -2,723343882 2,5 -0,265107761 -0,85526674 0,631922858 -0,200685992 -0,63787653 0,567501088
-0,402272395157995 0,414195168491665 -0,81646756364966
0,338908309 1,064278752 0,701593528 0,269237638 0,859277736 0,631922858 0,265107761 0,85526674 0,631922858 -1,602969381 2,723343882 2,5 -1,459498163 2,862685224 2,5
0,402272395157995 -0,414195168491665 -0,81646756364966
1,602969381 -2,723343882 2,5 1,459498163 -2,862685224 2,5 -0,338908309 -1,064278752 0,701593528 -0,269237638 -0,859277736 0,631922858 -0,265107761 -0,85526674 0,631922858
0,349571330668994 -0,359932120496194 -0,865013730185494
-0,265107761 -0,85526674 0,631922858 -0,269237638 -0,859277736 0,631922858 -0,204815869 -0,64188753 0,567501089 -0,200685991 -0,637876533 0,567501089 -0,200685992 -0,63787653 0,567501088
0,297484913460129 -0,306301937039335 -0,904257623484353
-0,200685991 -0,637876533 0,567501089 -0,204815869 -0,64188753 0,567501089 -0,170512935 -0,507303676 0,533198155 -0,158837441 -0,47368827 0,525652539
-0,297484913460129 0,306301937039335 -0,904257623484353
0,170512935 0,507303676 0,533198155 0,158837441 0,47368827 0,525652539 0,200685991 0,637876531 0,567501089 0,200685993 0,637876534 0,567501089 0,204815869 0,64188753 0,567501089
-0,349571330668994 0,359932120496194 -0,865013730185494
0,204815869 0,64188753 0,567501089 0,200685993 0,637876534 0,567501089 0,265107761 0,85526674 0,631922858 0,269237638 0,859277736 0,631922858
