0 0,707106781186547 -0,707106781186547
-2,016509047 2,786802693 2,5 2,213197308 2,786802693 2,5 0,09834413 0,671949516 0,385146822
-0,707106781186547 0 -0,707106781186547
-0,029850275 -0,228176163 0,316652967 -0,059402294 -0,448795473 0,346204986 -0,09834413 -0,671949516 0,385146822 -2,213197308 -2,786802693 2,5 -2,213197308 2,016509044 2,5 -0,024681172 -0,172007092 0,311483864
0 0 1
-2,213197308 -2,786802693 2,5 2,016509047 -2,786802693 2,5 2,094392719 -2,602590486 2,5 2,153496758 -2,411523196 2,5 2,193230624 -2,215509883 2,5 2,213197308 -2,016509044 2,5 2,213197308 2,786802693 2,5 -2,016509047 2,786802693 2,5 -2,094392719 2,602590486 2,5 -2,153496758 2,411523196 2,5 -2,193230624 2,215509883 2,5 -2,213197308 2,016509044 2,5
0,707106781186547 0 -0,707106781186547
2,213197308 -2,016509044 2,5 0,024681172 0,172007092 0,311483864 0,029850275 0,228176163 0,316652967 0,059402294 0,448795473 0,346204986 0,09834413 0,671949516 0,385146822 2,213197308 2,786802693 2,5
0 -0,707106781186547 -0,707106781186547
2,016509047 -2,786802693 2,5 -2,213197308 -2,786802693 2,5 -0,09834413 -0,671949516 0,385146822
-0,671034639606385 0,0673280405228845 -0,738362680129269
0,002031548 0,020247712 0,304737829 -0,002031548 -0,020247712 0,304737829 -0,024681172 -0,172007092 0,311483864 -2,213197308 2,016509044 2,5 -2,193230624 2,215509883 2,5
0,671034639606385 -0,0673280405228845 -0,738362680129269
0,024681172 0,172007092 0,311483864 2,213197308 -2,016509044 2,5 2,193230624 -2,215509883 2,5 -0,002031548 -0,020247712 0,304737829 0,002031548 0,020247712 0,304737829
-0,634029525458902 0,12852414761932 -0,762553673078221
0,029850275 0,228176163 0,316652967 0,024681172 0,172007092 0,311483864 0,002031548 0,020247712 0,304737829 -2,193230624 2,215509883 2,5 -2,153496758 2,411523196 2,5
0,634029525458902 -0,12852414761932 -0,762553673078221
2,193230624 -2,215509883 2,5 2,153496758 -2,411523196 2,5 -0,029850275 -0,228176163 0,316652967 -0,024681172 -0,172007092 0,311483864 -0,002031548 -0,020247712 0,304737829
-0,596544643945104 0,184532882882685 -0,781077526827788
0,059402294 0,448795473 0,346204986 0,029850275 0,228176163 0,316652967 -2,153496758 2,411523196 2,5 -2,094392719 2,602590486 2,5
0,596544643945104 -0,184532882882685 -0,781077526827788
2,153496758 -2,411523196 2,5 2,094392719 -2,602590486 2,5 -0,059402294 -0,448795473 0,346204986 -0,029850275 -0,228176163 0,316652967
-0,558746883798014 0,236234393460878 -0,794981277258892
0,09834413 0,671949516 0,385146822 0,059402294 0,448795473 0,346204986 -2,094392719 2,602590486 2,5 -2,016509047 2,786802693 2,5
0,558746883798014 -0,236234393460878 -0,794981277258892
2,094392719 -2,602590486 2,5 2,016509047 -2,786802693 2,5 -0,09834413 -0,671949516 0,385146822 -0,059402294 -0,448795473 0,346204986
