0 0,707106781186547 -0,707106781186547
-2,272642651 2,6676568 2,5 2,3323432 2,6676568 2,5 0,029850275 0,365163874 0,197507074
-0,707106781186547 0 -0,707106781186547
-0,009983342 -0,149283625 0,177640141 -0,029850275 -0,365163874 0,197507074 -2,3323432 -2,6676568 2,5 -2,3323432 2,272642654 2,5 -0,00544383 -0,054256716 0,17310063
0 0 1
-2,3323432 -2,6676568 2,5 2,272642651 -2,6676568 2,5 2,312376517 -2,471643484 2,5 2,3323432 -2,272642654 2,5 2,3323432 2,6676568 2,5 -2,272642651 2,6676568 2,5 -2,312376517 2,471643484 2,5 -2,3323432 2,272642654 2,5
0,707106781186547 0 -0,707106781186547
2,3323432 -2,272642654 2,5 0,00544383 0,054256716 0,17310063 0,009983342 0,149283625 0,177640141 0,029850275 0,365163874 0,197507074 2,3323432 2,6676568 2,5
0 -0,707106781186547 -0,707106781186547
2,272642651 -2,6676568 2,5 -2,3323432 -2,6676568 2,5 -0,029850275 -0,365163874 0,197507074
-0,671034639606385 0,0673280405228845 -0,738362680129269
0,009983342 0,149283625 0,177640141 0,00544383 0,054256716 0,17310063 -0,00544383 -0,054256716 0,17310063 -2,3323432 2,272642654 2,5 -2,312376517 2,471643484 2,5
0,671034639606385 -0,0673280405228845 -0,738362680129269
2,3323432 -2,272642654 2,5 2,312376517 -2,471643484 2,5 -0,009983342 -0,149283625 0,177640141 -0,00544383 -0,054256716 0,17310063 0,00544383 0,054256716 0,17310063
-0,634029525458902 0,12852414761932 -0,762553673078221
0,029850275 0,365163874 0,197507074 0,009983342 0,149283625 0,177640141 -2,312376517 2,471643484 2,5 -2,272642651 2,6676568 2,5
0,634029525458902 -0,12852414761932 -0,762553673078221
2,312376517 -2,471643484 2,5 2,272642651 -2,6676568 2,5 -0,029850275 -0,365163874 0,197507074 -0,009983342 -0,149283625 0,177640141
