0 0,707106781186547 -0,707106781186547
-1,741810429 2,852687711 2,5 2,147312292 2,852687711 2,5 0,202750931 0,908126351 0,555438639
-0,707106781186547 0 -0,707106781186547
-0,146286684 -0,68659498 0,498974392 -0,202750931 -0,908126351 0,555438639 -2,147312292 -2,852687711 2,5 -2,147312292 1,741810427 2,5 -0,075169112 -0,330332752 0,42785682 -0,09834413 -0,463135913 0,451031838
0 0 1
-2,147312292 -2,852687711 2,5 1,741810429 -2,852687711 2,5 1,854738924 -2,687620588 2,5 1,950624032 -2,512104075 2,5 2,028507704 -2,327891868 2,5 2,087611742 -2,13682458 2,5 2,127345608 -1,940811267 2,5 2,147312292 -1,741810427 2,5 2,147312292 2,852687711 2,5 -1,741810429 2,852687711 2,5 -1,854738924 2,687620588 2,5 -1,950624032 2,512104075 2,5 -2,028507704 2,327891868 2,5 -2,087611742 2,13682458 2,5 -2,127345608 1,940811267 2,5 -2,147312292 1,741810427 2,5
0,707106781186547 0 -0,707106781186547
2,147312292 -1,741810427 2,5 0,075169112 0,330332752 0,42785682 0,09834413 0,463135913 0,451031838 0,146286684 0,68659498 0,498974392 0,202750931 0,908126351 0,555438639 2,147312292 2,852687711 2,5
0 -0,707106781186547 -0,707106781186547
1,741810429 -2,852687711 2,5 -2,147312292 -2,852687711 2,5 -0,202750931 -0,908126351 0,555438639
-0,671034639606385 0,0673280405228845 -0,738362680129269
-0,036088327 -0,150446014 0,408742719 -0,054564091 -0,244820073 0,416928205 -0,075169112 -0,330332752 0,42785682 -2,147312292 1,741810427 2,5 -2,127345608 1,940811267 2,5
0,671034639606385 -0,0673280405228845 -0,738362680129269
0,054564091 0,244820073 0,416928205 0,075169112 0,330332752 0,42785682 2,147312292 -1,741810427 2,5 2,127345608 -1,940811267 2,5 0,036088327 0,150446014 0,408742719
-0,634029525458902 0,12852414761932 -0,762553673078221
0,008294548 0,040918289 0,40409371 -0,008294548 -0,040918289 0,40409371 -0,036088327 -0,150446014 0,408742719 -2,127345608 1,940811267 2,5 -2,087611742 2,13682458 2,5
0,634029525458902 -0,12852414761932 -0,762553673078221
0,008294548 0,040918289 0,40409371 0,036088327 0,150446014 0,408742719 2,127345608 -1,940811267 2,5 2,087611742 -2,13682458 2,5 -0,008294548 -0,040918289 0,40409371
-0,596544643945104 0,184532882882685 -0,781077526827788
0,054564091 0,244820073 0,416928205 0,036088327 0,150446014 0,408742719 0,008294548 0,040918289 0,40409371 -2,087611742 2,13682458 2,5 -2,028507704 2,327891868 2,5
0,596544643945104 -0,184532882882685 -0,781077526827788
-0,036088327 -0,150446014 0,408742719 -0,008294548 -0,040918289 0,40409371 2,087611742 -2,13682458 2,5 2,028507704 -2,327891868 2,5 -0,054564091 -0,244820073 0,416928205
-0,558746883798014 0,236234393460878 -0,794981277258892
0,09834413 0,463135913 0,451031838 0,075169112 0,330332752 0,42785682 0,054564091 0,244820073 0,416928205 -2,028507704 2,327891868 2,5 -1,950624032 2,512104075 2,5
0,558746883798014 -0,236234393460878 -0,794981277258892
-0,075169112 -0,330332752 0,42785682 -0,054564091 -0,244820073 0,416928205 2,028507704 -2,327891868 2,5 1,950624032 -2,512104075 2,5 -0,09834413 -0,463135913 0,451031838
-0,520614634656076 0,284413071161727 -0,805027705817803
0,146286684 0,68659498 0,498974392 0,09834413 0,463135913 0,451031838 -1,950624032 2,512104075 2,5 -1,854738924 2,687620588 2,5
0,520614634656076 -0,284413071161727 -0,805027705817803
1,950624032 -2,512104075 2,5 1,854738924 -2,687620588 2,5 -0,146286684 -0,68659498 0,498974392 -0,09834413 -0,463135913 0,451031838
-0,48199852418276 0,329752931959796 -0,811751456142556
0,202750931 0,908126351 0,555438639 0,146286684 0,68659498 0,498974392 -1,854738924 2,687620588 2,5 -1,741810429 2,852687711 2,5
0,48199852418276 -0,329752931959796 -0,811751456142556
1,854738924 -2,687620588 2,5 1,741810429 -2,852687711 2,5 -0,202750931 -0,908126351 0,555438639 -0,146286684 -0,68659498 0,498974392
