0 0,707106781186547 -0,707106781186547
-0,917065137 2,715274182 2,5 2,284725824 2,715274182 2,5 0,683830344 1,114378701 0,899104519
-0,707106781186547 0 -0,707106781186547
-0,548480353 -0,835810785 0,763754529 -0,602510579 -0,959225829 0,817784755 -0,647781048 -1,050464809 0,863055223 -0,683830344 -1,114378701 0,899104519 -2,284725824 -2,715274182 2,5 -2,284725824 0,917065131 2,5 -0,543844175 -0,823816518 0,759118351
0 0 1
-2,284725824 -2,715274182 2,5 0,917065137 -2,715274182 2,5 1,103617526 -2,64317559 2,5 1,281949627 -2,552634653 2,5 1,450243824 -2,444574192 2,5 1,60690922 -2,320252188 2,5 1,750380423 -2,18091086 2,5 1,87922397 -2,027942411 2,5 1,992152452 -1,862875308 2,5 2,088037571 -1,687358774 2,5 2,165921233 -1,503146591 2,5 2,225025275 -1,312079292 2,5 2,264759139 -1,116065984 2,5 2,284725824 -0,917065131 2,5 2,284725824 2,715274182 2,5 -0,917065137 2,715274182 2,5 -1,103617526 2,64317559 2,5 -1,281949628 2,552634653 2,5 -1,450243818 2,444574196 2,5 -1,60690922 2,320252186 2,5 -1,750380423 2,18091086 2,5 -1,879223968 2,027942413 2,5 -1,99215246 1,862875295 2,5 -2,088037566 1,687358785 2,5 -2,165921231 1,503146595 2,5 -2,225025277 1,312079281 2,5 -2,264759139 1,116065986 2,5 -2,284725824 0,917065131 2,5
0,707106781186547 0 -0,707106781186547
2,284725824 -0,917065131 2,5 0,543844175 0,823816518 0,759118351 0,548480353 0,835810785 0,763754529 0,602510579 0,959225829 0,817784755 0,647781048 1,050464809 0,863055223 0,683830344 1,114378701 0,899104519 2,284725824 2,715274182 2,5
0 -0,707106781186547 -0,707106781186547
0,917065137 -2,715274182 2,5 -2,284725824 -2,715274182 2,5 -0,683830344 -1,114378701 0,899104519
-0,671034639606385 0,0673280405228845 -0,738362680129269
-0,470551955 -0,678141198 0,705792816 -0,543844175 -0,823816518 0,759118351 -2,284725824 0,917065131 2,5 -2,264759139 1,116065986 2,5
0,671034639606385 -0,0673280405228845 -0,738362680129269
2,284725824 -0,917065131 2,5 2,264759139 -1,116065984 2,5 0,470551955 0,678141199 0,705792816 0,543844175 0,823816518 0,759118351
-0,634029525458902 0,12852414761932 -0,762553673078221
-0,385121457 -0,527824539 0,660096181 -0,459217961 -0,659288154 0,699546678 -0,463039617 -0,665996763 0,701593517 -0,470551955 -0,678141198 0,705792816 -2,264759139 1,116065986 2,5 -2,225025277 1,312079281 2,5
0,634029525458902 -0,12852414761932 -0,762553673078221
0,463039617 0,665996763 0,701593517 0,470551955 0,678141199 0,705792816 2,264759139 -1,116065984 2,5 2,225025275 -1,312079292 2,5 0,385121453 0,52782453 0,660096178 0,459217961 0,659288154 0,699546678
-0,596544643945104 0,184532882882685 -0,781077526827788
-0,286006112 -0,376768523 0,620084882 -0,316806026 -0,426229331 0,631922859 -0,343025216 -0,465572494 0,642652665 -0,364805382 -0,497935362 0,651641309 -0,385121457 -0,527824539 0,660096181 -2,225025277 1,312079281 2,5 -2,165921231 1,503146595 2,5
0,596544643945104 -0,184532882882685 -0,781077526827788
0,385121453 0,52782453 0,660096178 2,225025275 -1,312079292 2,5 2,165921233 -1,503146591 2,5 0,286006115 0,376768527 0,620084882 0,316806027 0,426229333 0,631922859 0,343025176 0,465572432 0,642652648 0,364805383 0,497935362 0,651641309
-0,558746883798014 0,236234393460878 -0,794981277258892
-0,174915616 -0,225763165 0,58687805 -0,176221689 -0,227567436 0,587259862 -0,216029302 -0,28210417 0,599032375 -0,252530076 -0,331686256 0,609953009 -0,286006112 -0,376768523 0,620084882 -2,165921231 1,503146595 2,5 -2,088037566 1,687358785 2,5
0,558746883798014 -0,236234393460878 -0,794981277258892
0,286006115 0,376768527 0,620084882 2,165921233 -1,503146591 2,5 2,088037571 -1,687358774 2,5 0,174915623 0,225763174 0,586878052 0,17622172 0,227567478 0,587259871 0,216029245 0,282104092 0,599032358 0,252530146 0,331686349 0,60995303
-0,520614634656076 0,284413071161727 -0,805027705817803
-0,053232088 -0,076045077 0,561079628 -0,076743288 -0,107504453 0,565169944 -0,088891546 -0,123143427 0,567501083 -0,104046372 -0,141837851 0,570697105 -0,134279681 -0,178022065 0,577465368 -0,174915616 -0,225763165 0,58687805 -2,088037566 1,687358785 2,5 -1,99215246 1,862875295 2,5
0,520614634656076 -0,284413071161727 -0,805027705817803
0,174915623 0,225763174 0,586878052 2,088037571 -1,687358774 2,5 1,992152452 -1,862875308 2,5 0,053232078 0,076045066 0,561079626 0,076743266 0,107504426 0,56516994 0,08889157 0,123143459 0,567501088 0,104046362 0,141837841 0,570697102 0,134279636 0,178022013 0,577465358
-0,48199852418276 0,329752931959796 -0,811751456142556
0,053274946 0,095443499 0,567501086 0,046136889 0,067438103 0,560363028 -0,046136888 -0,067438103 0,560363028 -0,050678192 -0,073063295 0,560774458 -0,053232088 -0,076045077 0,561079628 -1,99215246 1,862875295 2,5 -1,879223968 2,027942413 2,5
0,48199852418276 -0,329752931959796 -0,811751456142556
0,050678213 0,07306332 0,560774459 0,053232078 0,076045066 0,561079626 1,992152452 -1,862875308 2,5 1,87922397 -2,027942411 2,5 -0,053274947 -0,095443494 0,567501083 -0,053274947 -0,095443504 0,567501087 -0,046136888 -0,067438103 0,560363028 0,046136889 0,067438103 0,560363028
-0,442656609678255 0,37284451886717 -0,815501128545425
0,117696721 0,312833715 0,631922856 0,053274953 0,095443511 0,567501087 0,053274946 0,095443499 0,567501086 -1,879223968 2,027942413 2,5 -1,750380423 2,18091086 2,5
0,442656609678255 -0,37284451886717 -0,815501128545425
1,87922397 -2,027942411 2,5 1,750380423 -2,18091086 2,5 -0,117696721 -0,312833716 0,631922856 -0,053274947 -0,095443494 0,567501083
-0,402272395157995 0,414195168491665 -0,81646756364966
0,191497261 0,521845705 0,701593519 0,121826594 0,3168447 0,631922851 0,121826609 0,316844722 0,631922856 0,117696721 0,312833715 0,631922856 -1,750380423 2,18091086 2,5 -1,60690922 2,320252186 2,5
0,402272395157995 -0,414195168491665 -0,81646756364966
1,750380423 -2,18091086 2,5 1,60690922 -2,320252188 2,5 -0,191497257 -0,521845711 0,701593523 -0,12182659 -0,316844705 0,631922856 -0,117696721 -0,312833716 0,631922856
0,349571330668994 -0,359932120496194 -0,865013730185494
-0,117696721 -0,312833716 0,631922856 -0,12182659 -0,316844705 0,631922856 -0,121826589 -0,316844705 0,631922856 -0,05740482 -0,099454498 0,567501087 -0,053274947 -0,095443504 0,567501087 -0,053274947 -0,095443494 0,567501083
0,297484913460129 -0,306301937039335 -0,904257623484353
-0,046136888 -0,067438103 0,560363028 -0,053274947 -0,095443504 0,567501087 -0,05740482 -0,099454498 0,567501087 -0,057404821 -0,099454498 0,567501087 -0,050678192 -0,073063295 0,560774458
-0,297484913460129 0,306301937039335 -0,904257623484353
0,050678213 0,07306332 0,560774459 0,046136889 0,067438103 0,560363028 0,053274946 0,095443499 0,567501086 0,053274953 0,095443511 0,567501087 0,057404841 0,099454518 0,567501087
-0,349571330668994 0,359932120496194 -0,865013730185494
0,05740484 0,099454517 0,567501087 0,057404841 0,099454518 0,567501087 0,053274953 0,095443511 0,567501087 0,117696721 0,312833715 0,631922856 0,121826609 0,316844722 0,631922856
-0,360461274349256 0,454238236979875 -0,814699511329131
0,286001657 0,708328721 0,763754525 0,223840653 0,547511845 0,701593521 0,223840644 0,547511834 0,701593519 0,191497261 0,521845705 0,701593519 -1,60690922 2,320252186 2,5 -1,450243818 2,444574196 2,5
0,360461274349256 -0,454238236979875 -0,814699511329131
1,60690922 -2,320252188 2,5 1,450243824 -2,444574192 2,5 -0,286001651 -0,708328717 0,763754525 -0,223840649 -0,547511847 0,701593523 -0,191497257 -0,521845711 0,701593523
0,317486495248822 -0,400083215949053 -0,859730042310075
-0,191497257 -0,521845711 0,701593523 -0,223840649 -0,547511847 0,701593523 -0,22384065 -0,547511846 0,701593522 -0,154169984 -0,342510842 0,631922856 -0,121826589 -0,316844705 0,631922856 -0,12182659 -0,316844705 0,631922856
0,27559614647696 -0,347294748708142 -0,896344309719652
-0,121826589 -0,316844705 0,631922856 -0,154169984 -0,342510842 0,631922856 -0,109507025 -0,191796417 0,587259897 -0,080325592 -0,117643302 0,567501087 -0,057404821 -0,099454498 0,567501087 -0,05740482 -0,099454498 0,567501087
0,234765844236023 -0,295842107814162 -0,925938683512154
-0,053232088 -0,076045077 0,561079628 -0,050678192 -0,073063295 0,560774458 -0,057404821 -0,099454498 0,567501087 -0,080325592 -0,117643302 0,567501087 -0,0803256 -0,117643297 0,567501083 -0,076743288 -0,107504453 0,565169944
-0,234765844236023 0,295842107814162 -0,925938683512154
0,076743266 0,107504426 0,56516994 0,053232078 0,076045066 0,561079626 0,050678213 0,07306332 0,560774459 0,057404841 0,099454518 0,567501087 0,05740484 0,099454517 0,567501087 0,08032559 0,117643304 0,567501087
-0,27559614647696 0,347294748708142 -0,896344309719652
0,109506952 0,191796235 0,587259848 0,080325594 0,117643309 0,567501088 0,08032559 0,117643304 0,567501087 0,05740484 0,099454517 0,567501087 0,121826609 0,316844722 0,631922856 0,121826594 0,3168447 0,631922851 0,154169956 0,342510811 0,631922851
-0,317486495248822 0,400083215949053 -0,859730042310075
0,154169985 0,342510851 0,631922859 0,154169956 0,342510811 0,631922851 0,121826594 0,3168447 0,631922851 0,191497261 0,521845705 0,701593519 0,223840644 0,547511834 0,701593519
-0,316769062721123 0,49333858521356 -0,810107647934683
0,400265617 0,870419408 0,817784755 0,346235388 0,747004356 0,763754526 0,346235385 0,747004353 0,763754525 0,286001657 0,708328721 0,763754525 -1,450243818 2,444574196 2,5 -1,281949628 2,552634653 2,5
0,316769062721123 -0,49333858521356 -0,810107647934683
1,450243824 -2,444574192 2,5 1,281949627 -2,552634653 2,5 -0,400265618 -0,870419408 0,817784755 -0,346235388 -0,747004355 0,763754525 -0,286001651 -0,708328717 0,763754525
0,281702340321618 -0,438725400870244 -0,853325151444962
-0,286001651 -0,708328717 0,763754525 -0,346235388 -0,747004355 0,763754525 -0,346235387 -0,747004356 0,763754526 -0,284074383 -0,586187481 0,701593522 -0,22384065 -0,547511846 0,701593522 -0,223840649 -0,547511847 0,701593523
0,247991123449506 -0,3862232913061 -0,888443567112135
-0,22384065 -0,547511846 0,701593522 -0,284074383 -0,586187481 0,701593522 -0,284074388 -0,586187478 0,70159352 -0,225133547 -0,412758225 0,642652678 -0,209867146 -0,378273579 0,631922856 -0,154169984 -0,342510842 0,631922856
0,215493484136062 -0,335611216806294 -0,917021084516981
-0,154169984 -0,342510842 0,631922856 -0,209867146 -0,378273579 0,631922856 -0,20986714 -0,378273584 0,631922859 -0,161546552 -0,257377643 0,599032381 -0,137772719 -0,209945611 0,587259897 -0,109507025 -0,191796417 0,587259897
0,210798011413082 -0,32829845131662 -0,920752043303407
-0,109507025 -0,191796417 0,587259897 -0,137772719 -0,209945611 0,587259897 -0,137772669 -0,209945484 0,587259863 -0,104046372 -0,141837851 0,570697105 -0,088891546 -0,123143427 0,567501083 -0,0803256 -0,117643297 0,567501083 -0,080325592 -0,117643302 0,567501087
0,180038810913726 -0,280393834854715 -0,942849576518035
-0,076743288 -0,107504453 0,565169944 -0,0803256 -0,117643297 0,567501083 -0,088891546 -0,123143427 0,567501083
-0,180038810913726 0,280393834854715 -0,942849576518035
0,076743266 0,107504426 0,56516994 0,08032559 0,117643304 0,567501087 0,080325594 0,117643309 0,567501088 0,08889157 0,123143459 0,567501088
-0,210798011413082 0,32829845131662 -0,920752043303407
0,104046362 0,141837841 0,570697102 0,08889157 0,123143459 0,567501088 0,080325594 0,117643309 0,567501088 0,109506952 0,191796235 0,587259848 0,137772632 0,209945419 0,587259848
-0,215493484136062 0,335611216806294 -0,917021084516981
0,161546565 0,257377652 0,599032381 0,137772629 0,209945415 0,587259847 0,137772632 0,209945419 0,587259848 0,109506952 0,191796235 0,587259848 0,154169956 0,342510811 0,631922851 0,154169985 0,342510851 0,631922859 0,209867152 0,378273591 0,631922859
-0,247991123449506 0,3862232913061 -0,888443567112135
0,225133524 0,41275817 0,642652661 0,209867152 0,378273591 0,631922859 0,154169985 0,342510851 0,631922859 0,223840644 0,547511834 0,701593519 0,223840653 0,547511845 0,701593521 0,284074385 0,58618748 0,701593521
-0,281702340321618 0,438725400870244 -0,853325151444962
0,284074379 0,586187473 0,70159352 0,284074385 0,58618748 0,701593521 0,223840653 0,547511845 0,701593521 0,286001657 0,708328721 0,763754525 0,346235385 0,747004353 0,763754525
-0,270189957354148 0,53217411262622 -0,802364069980367
0,533327251 1,006230814 0,863055223 0,488056783 0,914991834 0,817784755 0,400265617 0,870419408 0,817784755 -1,281949628 2,552634653 2,5 -1,103617526 2,64317559 2,5
0,270189957354148 -0,53217411262622 -0,802364069980367
1,281949627 -2,552634653 2,5 1,103617526 -2,64317559 2,5 -0,533327251 -1,006230814 0,863055223 -0,488056783 -0,914991834 0,817784755 -0,400265618 -0,870419408 0,817784755
0,241666958927551 -0,475994373283735 -0,845592358979747
-0,400265618 -0,870419408 0,817784755 -0,488056783 -0,914991834 0,817784755 -0,434026554 -0,791576783 0,763754526 -0,346235387 -0,747004356 0,763754526 -0,346235388 -0,747004355 0,763754525
0,214899023106485 -0,423271457036557 -0,880147535090583
-0,346235387 -0,747004356 0,763754526 -0,434026554 -0,791576783 0,763754526 -0,434026549 -0,791576787 0,763754529 -0,37186554 -0,630759897 0,70159352 -0,284074388 -0,586187478 0,70159352 -0,284074383 -0,586187481 0,701593522
0,189401357317187 -0,3730505021264 -0,908273333699525
-0,284074388 -0,586187478 0,70159352 -0,37186554 -0,630759897 0,70159352 -0,371865545 -0,630759893 0,701593517 -0,369818706 -0,624737214 0,699546678 -0,301946657 -0,473641781 0,651641309 -0,28495046 -0,443127852 0,642652678 -0,225133547 -0,412758225 0,642652678
0,18581693763113 -0,365990523345593 -0,911878831046432
-0,225133547 -0,412758225 0,642652678 -0,28495046 -0,443127852 0,642652678 -0,284950441 -0,44312781 0,642652665 -0,264524179 -0,406023492 0,631922859 -0,20986714 -0,378273584 0,631922859 -0,209867146 -0,378273579 0,631922856
0,161838768515936 -0,318762413921253 -0,933915808023582
-0,20986714 -0,378273584 0,631922859 -0,264524179 -0,406023492 0,631922859 -0,220524497 -0,31931677 0,609953009 -0,191820287 -0,272747912 0,599032381 -0,161546552 -0,257377643 0,599032381
0,15834722555055 -0,311885367870036 -0,936831720998502
-0,161546552 -0,257377643 0,599032381 -0,191820287 -0,272747912 0,599032381 -0,191820275 -0,272747888 0,599032375 -0,160557458 -0,221513543 0,587259863 -0,137772669 -0,209945484 0,587259863 -0,137772719 -0,209945611 0,587259897
0,15496935040399 -0,305232205308829 -0,939583844730035
-0,137772669 -0,209945484 0,587259863 -0,160557458 -0,221513543 0,587259863 -0,160557456 -0,221513538 0,587259862 -0,134279681 -0,178022065 0,577465368 -0,104046372 -0,141837851 0,570697105
-0,15496935040399 0,305232205308829 -0,939583844730035
0,134279636 0,178022013 0,577465358 0,104046362 0,141837841 0,570697102 0,137772632 0,209945419 0,587259848 0,137772629 0,209945415 0,587259847 0,160557397 0,221513463 0,587259847
-0,15834722555055 0,311885367870036 -0,936831720998502
0,160557477 0,221513576 0,587259871 0,160557397 0,221513463 0,587259847 0,137772629 0,209945415 0,587259847 0,161546565 0,257377652 0,599032381 0,19182029 0,272747916 0,599032381
-0,161838768515936 0,318762413921253 -0,933915808023582
0,220524539 0,319316853 0,60995303 0,191820214 0,272747809 0,599032358 0,19182029 0,272747916 0,599032381 0,161546565 0,257377652 0,599032381 0,209867152 0,378273591 0,631922859 0,264524179 0,406023493 0,631922859
-0,18581693763113 0,365990523345593 -0,911878831046432
0,264524179 0,406023493 0,631922859 0,209867152 0,378273591 0,631922859 0,225133524 0,41275817 0,642652661 0,284950433 0,443127795 0,642652661
-0,189401357317187 0,3730505021264 -0,908273333699525
0,369818706 0,624737214 0,699546678 0,301946657 0,473641781 0,651641309 0,284950403 0,443127749 0,642652648 0,284950433 0,443127795 0,642652661 0,225133524 0,41275817 0,642652661 0,284074385 0,58618748 0,701593521 0,284074379 0,586187473 0,70159352 0,371865547 0,630759901 0,70159352
-0,214899023106485 0,423271457036557 -0,880147535090583
0,371865538 0,630759891 0,701593517 0,371865547 0,630759901 0,70159352 0,284074379 0,586187473 0,70159352 0,346235385 0,747004353 0,763754525 0,346235388 0,747004356 0,763754526 0,434026546 0,791576779 0,763754526
-0,241666958927551 0,475994373283735 -0,845592358979747
0,434026556 0,791576789 0,763754529 0,434026546 0,791576779 0,763754526 0,346235388 0,747004356 0,763754526 0,400265617 0,870419408 0,817784755 0,488056783 0,914991834 0,817784755
-0,22051455246305 0,570573098468382 -0,791087650931432
0,683830344 1,114378701 0,899104519 0,647781048 1,050464809 0,863055223 0,533327251 1,006230814 0,863055223 -1,103617526 2,64317559 2,5 -0,917065137 2,715274182 2,5
0,22051455246305 -0,570573098468382 -0,791087650931432
1,103617526 -2,64317559 2,5 0,917065137 -2,715274182 2,5 -0,683830344 -1,114378701 0,899104519 -0,647781048 -1,050464809 0,863055223 -0,533327251 -1,006230814 0,863055223
0,198186239304112 -0,512799429200898 -0,835319675311031
-0,533327251 -1,006230814 0,863055223 -0,647781048 -1,050464809 0,863055223 -0,602510579 -0,959225829 0,817784755 -0,488056783 -0,914991834 0,817784755
0,177316531325159 -0,458799845895952 -0,870667301054004
-0,488056783 -0,914991834 0,817784755 -0,602510579 -0,959225829 0,817784755 -0,548480353 -0,835810785 0,763754529 -0,434026549 -0,791576787 0,763754529 -0,434026554 -0,791576783 0,763754526
0,157883273369839 -0,408517022920991 -0,898992054455319
-0,434026549 -0,791576787 0,763754529 -0,548480353 -0,835810785 0,763754529 -0,543844175 -0,823816518 0,759118351 -0,470551955 -0,678141198 0,705792816 -0,463039617 -0,665996763 0,701593517 -0,371865545 -0,630759893 0,701593517 -0,37186554 -0,630759897 0,70159352
0,139438218213547 -0,360791137466293 -0,922164160237867
-0,371865545 -0,630759893 0,701593517 -0,463039617 -0,665996763 0,701593517 -0,459217961 -0,659288154 0,699546678 -0,369818706 -0,624737214 0,699546678
0,137129555903121 -0,354817560697486 -0,924824298728412
-0,369818706 -0,624737214 0,699546678 -0,459217961 -0,659288154 0,699546678 -0,385121457 -0,527824539 0,660096181 -0,364805382 -0,497935362 0,651641309 -0,301946657 -0,473641781 0,651641309
0,134587444309397 -0,348239942701383 -0,927693463457408
-0,301946657 -0,473641781 0,651641309 -0,364805382 -0,497935362 0,651641309 -0,343025216 -0,465572494 0,642652665 -0,284950441 -0,44312781 0,642652665 -0,28495046 -0,443127852 0,642652678
0,132092681162427 -0,341784837027801 -0,930448627685162
-0,284950441 -0,44312781 0,642652665 -0,343025216 -0,465572494 0,642652665 -0,316806026 -0,426229331 0,631922859 -0,264524179 -0,406023492 0,631922859
0,115406372751923 -0,298609642531848 -0,947371970513824
-0,264524179 -0,406023492 0,631922859 -0,316806026 -0,426229331 0,631922859 -0,286006112 -0,376768523 0,620084882 -0,252530076 -0,331686256 0,609953009 -0,220524497 -0,31931677 0,609953009
0,11297904823722 -0,292329031779076 -0,949620698931168
-0,220524497 -0,31931677 0,609953009 -0,252530076 -0,331686256 0,609953009 -0,216029302 -0,28210417 0,599032375 -0,191820275 -0,272747888 0,599032375 -0,191820287 -0,272747912 0,599032381
0,11060470958232 -0,286185519942748 -0,951769114015216
-0,191820275 -0,272747888 0,599032375 -0,216029302 -0,28210417 0,599032375 -0,176221689 -0,227567436 0,587259862 -0,160557456 -0,221513538 0,587259862 -0,160557458 -0,221513543 0,587259863
0,108306953224358 -0,280240161915151 -0,953800322674
-0,160557456 -0,221513538 0,587259862 -0,176221689 -0,227567436 0,587259862 -0,174915616 -0,225763165 0,58687805 -0,134279681 -0,178022065 0,577465368
-0,108306953224358 0,280240161915151 -0,953800322674
0,174915623 0,225763174 0,586878052 0,134279636 0,178022013 0,577465358 0,160557397 0,221513463 0,587259847 0,160557477 0,221513576 0,587259871 0,17622172 0,227567478 0,587259871
-0,11060470958232 0,286185519942748 -0,951769114015216
0,17622172 0,227567478 0,587259871 0,160557477 0,221513576 0,587259871 0,19182029 0,272747916 0,599032381 0,191820214 0,272747809 0,599032358 0,216029245 0,282104092 0,599032358
-0,11297904823722 0,292329031779076 -0,949620698931168
0,216029245 0,282104092 0,599032358 0,191820214 0,272747809 0,599032358 0,220524539 0,319316853 0,60995303 0,252530146 0,331686349 0,60995303
-0,115406372751923 0,298609642531848 -0,947371970513824
0,286006115 0,376768527 0,620084882 0,252530146 0,331686349 0,60995303 0,220524539 0,319316853 0,60995303 0,264524179 0,406023493 0,631922859 0,316806027 0,426229333 0,631922859
-0,132092681162427 0,341784837027801 -0,930448627685162
0,316806027 0,426229333 0,631922859 0,264524179 0,406023493 0,631922859 0,284950433 0,443127795 0,642652661 0,284950403 0,443127749 0,642652648 0,343025176 0,465572432 0,642652648
-0,134587444309397 0,348239942701383 -0,927693463457408
0,343025176 0,465572432 0,642652648 0,284950403 0,443127749 0,642652648 0,301946657 0,473641781 0,651641309 0,364805383 0,497935362 0,651641309
-0,137129555903121 0,354817560697486 -0,924824298728412
0,385121453 0,52782453 0,660096178 0,364805383 0,497935362 0,651641309 0,301946657 0,473641781 0,651641309 0,369818706 0,624737214 0,699546678 0,459217961 0,659288154 0,699546678
-0,139438218213547 0,360791137466293 -0,922164160237867
0,459217961 0,659288154 0,699546678 0,369818706 0,624737214 0,699546678 0,371865547 0,630759901 0,70159352 0,371865538 0,630759891 0,701593517 0,463039617 0,665996763 0,701593517
-0,157883273369839 0,408517022920991 -0,898992054455319
0,543844175 0,823816518 0,759118351 0,470551955 0,678141199 0,705792816 0,463039617 0,665996763 0,701593517 0,371865538 0,630759891 0,701593517 0,434026546 0,791576779 0,763754526 0,434026556 0,791576789 0,763754529 0,548480353 0,835810785 0,763754529
-0,177316531325159 0,458799845895952 -0,870667301054004
0,548480353 0,835810785 0,763754529 0,434026556 0,791576789 0,763754529 0,488056783 0,914991834 0,817784755 0,602510579 0,959225829 0,817784755
-0,198186239304112 0,512799429200898 -0,835319675311031
0,602510579 0,959225829 0,817784755 0,488056783 0,914991834 0,817784755 0,533327251 1,006230814 0,863055223 0,647781048 1,050464809 0,863055223
