0 0,707106781186547 -0,707106781186547
-0,678954237 2,563289471 2,5 2,436710536 2,563289471 2,5 0,878878149 1,005457085 0,942167613
-0,707106781186547 0 -0,707106781186547
-0,835815057 -0,942282668 0,899104521 -0,86227575 -0,983264307 0,925565214 -0,878878149 -1,005457085 0,942167613 -2,436710536 -2,563289471 2,5 -2,436710536 0,678954227 2,5 -0,82847942 -0,92927689 0,891768884
0 0 1
-2,436710536 -2,563289471 2,5 0,678954237 -2,563289471 2,5 0,876178582 -2,530084672 2,5 1,06904985 -2,477163281 2,5 1,255602235 -2,405064691 2,5 1,43393434 -2,314523752 2,5 1,602228531 -2,206463295 2,5 1,758893936 -2,082141283 2,5 1,902365136 -1,942799959 2,5 2,03120868 -1,789831514 2,5 2,144137163 -1,624764408 2,5 2,240022283 -1,449247873 2,5 2,317905944 -1,265035692 2,5 2,377009987 -1,073968389 2,5 2,41674385 -0,877955089 2,5 2,436710536 -0,67895423 2,5 2,436710536 2,563289471 2,5 -0,678954237 2,563289471 2,5 -0,876178582 2,530084672 2,5 -1,06904985 2,477163281 2,5 -1,255602235 2,405064691 2,5 -1,433934335 2,314523755 2,5 -1,602228535 2,206463292 2,5 -1,75889394 2,08214128 2,5 -1,902365128 1,942799967 2,5 -2,031208681 1,789831511 2,5 -2,144137172 1,624764395 2,5 -2,240022276 1,449247889 2,5 -2,317905941 1,265035697 2,5 -2,377009988 1,073968382 2,5 -2,41674385 0,877955089 2,5 -2,436710536 0,678954227 2,5
0,707106781186547 0 -0,707106781186547
2,436710536 -0,67895423 2,5 0,828479418 0,929276888 0,891768883 0,835815057 0,942282668 0,899104521 0,86227575 0,983264307 0,925565214 0,878878149 1,005457085 0,942167613 2,436710536 2,563289471 2,5
0 -0,707106781186547 -0,707106781186547
0,678954237 -2,563289471 2,5 -2,436710536 -2,563289471 2,5 -0,878878149 -1,005457085 0,942167613
-0,671034639606385 0,0673280405228845 -0,738362680129269
-0,741324331 -0,79746443 0,824580482 -0,791639666 -0,87700066 0,863055224 -0,82847942 -0,92927689 0,891768884 -2,436710536 0,678954227 2,5 -2,41674385 0,877955089 2,5
0,671034639606385 -0,0673280405228845 -0,738362680129269
2,436710536 -0,67895423 2,5 2,41674385 -0,877955089 2,5 0,741324331 0,79746443 0,824580481 0,791639661 0,877000653 0,86305522 0,828479418 0,929276888 0,891768883
-0,634029525458902 0,12852414761932 -0,762553673078221
-0,643987408 -0,659054198 0,76697742 -0,73019733 -0,782893304 0,817784756 -0,73743879 -0,792414995 0,822200881 -0,741324331 -0,79746443 0,824580482 -2,41674385 0,877955089 2,5 -2,377009988 1,073968382 2,5
0,634029525458902 -0,12852414761932 -0,762553673078221
0,741324331 0,79746443 0,824580481 2,41674385 -0,877955089 2,5 2,377009987 -1,073968389 2,5 0,643987405 0,659054193 0,766977418 0,730197335 0,782893309 0,817784758 0,737438809 0,79241502 0,822200892
-0,596544643945104 0,184532882882685 -0,781077526827788
-0,535684393 -0,517185852 0,717778452 -0,627096576 -0,637716021 0,759118354 -0,635592406 -0,648814391 0,762984971 -0,637272652 -0,650988838 0,763754529 -0,643987408 -0,659054198 0,76697742 -2,377009988 1,073968382 2,5 -2,317905941 1,265035697 2,5
0,596544643945104 -0,184532882882685 -0,781077526827788
0,637272649 0,650988833 0,763754527 0,643987405 0,659054193 0,766977418 2,377009987 -1,073968389 2,5 2,317905944 -1,265035692 2,5 0,535684397 0,517185855 0,717778453 0,627096645 0,63771611 0,759118385 0,635592405 0,648814389 0,76298497
-0,558746883798014 0,236234393460878 -0,794981277258892
-0,415555726 -0,37521866 0,675533451 -0,485893699 -0,460773651 0,69954671 -0,491839097 -0,46794788 0,701593517 -0,503315929 -0,480961634 0,705792796 -0,519961541 -0,499670721 0,711932505 -0,535684393 -0,517185852 0,717778452 -2,317905941 1,265035697 2,5 -2,240022276 1,449247889 2,5
0,558746883798014 -0,236234393460878 -0,794981277258892
0,535684397 0,517185855 0,717778453 2,317905944 -1,265035692 2,5 2,240022283 -1,449247873 2,5 0,415555737 0,375218673 0,675533454 0,4858936 0,460773531 0,699546676 0,491839098 0,46794788 0,701593517 0,503315936 0,48096164 0,705792798 0,519961508 0,499670683 0,711932493
-0,520614634656076 0,284413071161727 -0,805027705817803
-0,283037783 -0,236334994 0,638900611 -0,296919135 -0,251124477 0,642652672 -0,329829262 -0,285923857 0,651641301 -0,360465863 -0,318072381 0,660096168 -0,388991188 -0,347774453 0,668049986 -0,415555726 -0,37521866 0,675533451 -2,240022276 1,449247889 2,5 -2,144137172 1,624764395 2,5
0,520614634656076 -0,284413071161727 -0,805027705817803
0,415555737 0,375218673 0,675533454 2,240022283 -1,449247873 2,5 2,144137163 -1,624764408 2,5 0,283037771 0,236334983 0,638900609 0,296919086 0,251124426 0,642652659 0,32982929 0,285923888 0,651641309 0,360465915 0,318072436 0,660096183 0,388991278 0,347774548 0,668050012
-0,48199852418276 0,329752931959796 -0,811751456142556
-0,140608718 -0,100768453 0,609400036 -0,143398219 -0,103484653 0,609952989 -0,193840083 -0,152273772 0,620084846 -0,240034891 -0,196652781 0,629486395 -0,251850991 -0,207926484 0,631922862 -0,283037783 -0,236334994 0,638900611 -2,144137172 1,624764395 2,5 -2,031208681 1,789831511 2,5
0,48199852418276 -0,329752931959796 -0,811751456142556
0,251850972 0,207926465 0,631922858 0,283037771 0,236334983 0,638900609 2,144137163 -1,624764408 2,5 2,03120868 -1,789831514 2,5 0,140608716 0,10076845 0,609400036 0,143398444 0,103484871 0,609953034 0,193840266 0,152273949 0,620084882 0,240034776 0,19665267 0,629486371
-0,442656609678255 0,37284451886717 -0,815501128545425
-0,034287983 0,074722822 0,631922854 -0,068440448 -0,040524115 0,597770389 -0,07658594 -0,047434493 0,599032385 -0,088304999 -0,05732079 0,600873545 -0,140608718 -0,100768453 0,609400036 -2,031208681 1,789831511 2,5 -1,902365128 1,942799967 2,5
0,442656609678255 -0,37284451886717 -0,815501128545425
0,140608716 0,10076845 0,609400036 2,03120868 -1,789831514 2,5 1,902365136 -1,942799959 2,5 0,034287993 -0,074722816 0,631922857 0,068440459 0,040524124 0,597770391 0,076585809 0,047434382 0,599032365 0,088304971 0,057320765 0,60087354
-0,402272395157995 0,414195168491665 -0,81646756364966
0,039512546 0,283734794 0,701593514 -0,030158116 0,078733804 0,631922852 -0,030158108 0,078733816 0,631922854 -0,034287983 0,074722822 0,631922854 -1,902365128 1,942799967 2,5 -1,75889394 2,08214128 2,5
0,402272395157995 -0,414195168491665 -0,81646756364966
1,902365136 -1,942799959 2,5 1,758893936 -2,082141283 2,5 -0,039512545 -0,283734803 0,701593519 0,030158117 -0,078733812 0,631922857 0,034287993 -0,074722816 0,631922857
0,349571330668994 -0,359932120496194 -0,865013730185494
0,034287993 -0,074722816 0,631922857 0,030158117 -0,078733812 0,631922857 0,030158116 -0,078733811 0,631922857 0,064733489 0,03794022 0,597347484 0,068440459 0,040524124 0,597770391
-0,349571330668994 0,359932120496194 -0,865013730185494
-0,06473348 -0,037940213 0,597347482 -0,068440448 -0,040524115 0,597770389 -0,034287983 0,074722822 0,631922854 -0,030158108 0,078733816 0,631922854
-0,360461274349256 0,454238236979875 -0,814699511329131
0,134016941 0,470217816 0,763754524 0,071855936 0,309400939 0,70159352 0,071855917 0,309400914 0,701593514 0,039512546 0,283734794 0,701593514 -1,75889394 2,08214128 2,5 -1,602228535 2,206463292 2,5
0,360461274349256 -0,454238236979875 -0,814699511329131
1,758893936 -2,082141283 2,5 1,602228531 -2,206463295 2,5 -0,134016945 -0,470217819 0,763754524 -0,07185594 -0,309400941 0,701593519 -0,039512545 -0,283734803 0,701593519
0,317486495248822 -0,400083215949053 -0,859730042310075
-0,039512545 -0,283734803 0,701593519 -0,07185594 -0,309400941 0,701593519 -0,002185277 -0,104399949 0,631922857 0,030158116 -0,078733811 0,631922857 0,030158117 -0,078733812 0,631922857
0,27559614647696 -0,347294748708142 -0,896344309719652
0,055872513 0,032797492 0,596615612 0,064733489 0,03794022 0,597347484 0,030158116 -0,078733811 0,631922857 -0,002185277 -0,104399949 0,631922857 -0,002185276 -0,104399949 0,631922857 0,034588794 0,01969355 0,595148787
-0,27559614647696 0,347294748708142 -0,896344309719652
-0,034588819 -0,019693563 0,595148788 -0,055872543 -0,032797508 0,596615614 -0,06473348 -0,037940213 0,597347482 -0,030158108 0,078733816 0,631922854 -0,030158116 0,078733804 0,631922852 0,002185244 0,104399915 0,631922852
-0,317486495248822 0,400083215949053 -0,859730042310075
0,002185259 0,104399935 0,631922856 0,002185244 0,104399915 0,631922852 -0,030158116 0,078733804 0,631922852 0,039512546 0,283734794 0,701593514 0,071855917 0,309400914 0,701593514
-0,316769062721123 0,49333858521356 -0,810107647934683
0,24828091 0,632308511 0,817784756 0,194250677 0,508893451 0,763754523 0,19425068 0,508893455 0,763754524 0,134016941 0,470217816 0,763754524 -1,602228535 2,206463292 2,5 -1,433934335 2,314523755 2,5
0,316769062721123 -0,49333858521356 -0,810107647934683
1,602228531 -2,206463295 2,5 1,43393434 -2,314523752 2,5 -0,248280907 -0,632308505 0,817784753 -0,194250678 -0,508893454 0,763754524 -0,134016945 -0,470217819 0,763754524
0,281702340321618 -0,438725400870244 -0,853325151444962
-0,134016945 -0,470217819 0,763754524 -0,194250678 -0,508893454 0,763754524 -0,194250677 -0,508893455 0,763754525 -0,132089672 -0,348076575 0,701593519 -0,07185594 -0,309400941 0,701593519
0,247991123449506 -0,3862232913061 -0,888443567112135
-0,07185594 -0,309400941 0,701593519 -0,132089672 -0,348076575 0,701593519 -0,132089669 -0,348076578 0,701593521 -0,073148818 -0,174647298 0,64265267 -0,05788243 -0,14016268 0,631922857 -0,002185276 -0,104399949 0,631922857 -0,002185277 -0,104399949 0,631922857
0,215493484136062 -0,335611216806294 -0,917021084516981
0,028883094 0,016687771 0,594908042 0,034588794 0,01969355 0,595148787 -0,002185276 -0,104399949 0,631922857 -0,05788243 -0,14016268 0,631922857 -0,009561867 -0,019266802 0,599032396 0,000127454 6,471E-05 0,594234374
-0,215493484136062 0,335611216806294 -0,917021084516981
0,009561857 0,019266758 0,599032382 -0,000127436 -6,47E-05 0,594234374 -0,028883092 -0,016687769 0,594908043 -0,034588819 -0,019693563 0,595148788 0,002185244 0,104399915 0,631922852 0,002185259 0,104399935 0,631922856 0,057882438 0,140162682 0,631922856
-0,247991123449506 0,3862232913061 -0,888443567112135
0,073148811 0,174647251 0,642652653 0,05788245 0,140162695 0,631922858 0,057882438 0,140162682 0,631922856 0,002185259 0,104399935 0,631922856 0,071855917 0,309400914 0,701593514 0,071855936 0,309400939 0,70159352 0,132089678 0,348076579 0,70159352
-0,281702340321618 0,438725400870244 -0,853325151444962
0,132089675 0,348076576 0,701593519 0,132089678 0,348076579 0,70159352 0,071855936 0,309400939 0,70159352 0,134016941 0,470217816 0,763754524 0,19425068 0,508893455 0,763754524
-0,270189957354148 0,53217411262622 -0,802364069980367
0,38134254 0,768119916 0,863055224 0,336072072 0,676880936 0,817784756 0,336072071 0,676880935 0,817784756 0,24828091 0,632308511 0,817784756 -1,433934335 2,314523755 2,5 -1,255602235 2,405064691 2,5
0,270189957354148 -0,53217411262622 -0,802364069980367
1,43393434 -2,314523752 2,5 1,255602235 -2,405064691 2,5 -0,381342541 -0,768119915 0,863055224 -0,33607207 -0,67688093 0,817784753 -0,248280907 -0,632308505 0,817784753
0,241666958927551 -0,475994373283735 -0,845592358979747
-0,248280907 -0,632308505 0,817784753 -0,33607207 -0,67688093 0,817784753 -0,336072069 -0,676880931 0,817784754 -0,28204184 -0,55346588 0,763754525 -0,194250677 -0,508893455 0,763754525 -0,194250678 -0,508893454 0,763754524
0,214899023106485 -0,423271457036557 -0,880147535090583
-0,194250677 -0,508893455 0,763754525 -0,28204184 -0,55346588 0,763754525 -0,282041833 -0,553465886 0,763754529 -0,219880825 -0,392648999 0,701593521 -0,132089669 -0,348076578 0,701593521 -0,132089672 -0,348076575 0,701593519
0,189401357317187 -0,3730505021264 -0,908273333699525
-0,132089669 -0,348076578 0,701593521 -0,219880825 -0,392648999 0,701593521 -0,219880831 -0,392648994 0,701593517 -0,217833986 -0,386626296 0,699546672 -0,149961916 -0,235530815 0,651641288 -0,132965744 -0,205016931 0,64265267 -0,073148818 -0,174647298 0,64265267
0,18581693763113 -0,365990523345593 -0,911878831046432
-0,073148818 -0,174647298 0,64265267 -0,132965744 -0,205016931 0,64265267 -0,132965747 -0,205016936 0,642652672 -0,112539467 -0,167912588 0,631922857 -0,05788243 -0,14016268 0,631922857
0,161838768515936 -0,318762413921253 -0,933915808023582
-0,05788243 -0,14016268 0,631922857 -0,112539467 -0,167912588 0,631922857 -0,112539465 -0,16791259 0,631922858 -0,068539752 -0,081205805 0,609952992 -0,039835625 -0,034637083 0,599032396 -0,009561867 -0,019266802 0,599032396
0,15834722555055 -0,311885367870036 -0,936831720998502
-0,000127436 -6,47E-05 0,594234374 0,000127454 6,471E-05 0,594234374 -0,009561867 -0,019266802 0,599032396 -0,039835625 -0,034637083 0,599032396 -0,039835603 -0,034637039 0,599032385 -0,028883092 -0,016687769 0,594908043
-0,15834722555055 0,311885367870036 -0,936831720998502
0,028883094 0,016687771 0,594908042 0,000127454 6,471E-05 0,594234374 -0,000127436 -6,47E-05 0,594234374 0,009561857 0,019266758 0,599032382 0,039835598 0,03463703 0,599032382
-0,161838768515936 0,318762413921253 -0,933915808023582
0,068539762 0,081205831 0,609952999 0,039835512 0,034636909 0,599032356 0,039835598 0,03463703 0,599032382 0,009561857 0,019266758 0,599032382 0,057882438 0,140162682 0,631922856 0,05788245 0,140162695 0,631922858 0,112539463 0,167912591 0,631922858
-0,18581693763113 0,365990523345593 -0,911878831046432
0,112539451 0,16791258 0,631922856 0,112539463 0,167912591 0,631922858 0,05788245 0,140162695 0,631922858 0,073148811 0,174647251 0,642652653 0,132965695 0,205016863 0,642652653
-0,189401357317187 0,3730505021264 -0,908273333699525
0,217833985 0,38662631 0,699546678 0,149961929 0,235530861 0,651641304 0,132965688 0,205016852 0,642652649 0,132965695 0,205016863 0,642652653 0,073148811 0,174647251 0,642652653 0,132089678 0,348076579 0,70159352 0,132089675 0,348076576 0,701593519 0,219880826 0,392648995 0,701593519
-0,214899023106485 0,423271457036557 -0,880147535090583
0,219880826 0,392648995 0,701593519 0,132089675 0,348076576 0,701593519 0,19425068 0,508893455 0,763754524 0,194250677 0,508893451 0,763754523 0,28204183 0,553465871 0,763754523
-0,241666958927551 0,475994373283735 -0,845592358979747
0,282041842 0,553465883 0,763754526 0,28204183 0,553465871 0,763754523 0,194250677 0,508893451 0,763754523 0,24828091 0,632308511 0,817784756 0,336072071 0,676880935 0,817784756
-0,22051455246305 0,570573098468382 -0,791087650931432
0,531845631 0,8762678 0,899104519 0,495796335 0,812353908 0,863055223 0,49579634 0,812353912 0,863055224 0,38134254 0,768119916 0,863055224 -1,255602235 2,405064691 2,5 -1,06904985 2,477163281 2,5
0,22051455246305 -0,570573098468382 -0,791087650931432
1,255602235 -2,405064691 2,5 1,06904985 -2,477163281 2,5 -0,531845631 -0,8762678 0,899104519 -0,495796336 -0,81235391 0,863055224 -0,381342541 -0,768119915 0,863055224
0,198186239304112 -0,512799429200898 -0,835319675311031
-0,381342541 -0,768119915 0,863055224 -0,495796336 -0,81235391 0,863055224 -0,450525866 -0,721114926 0,817784754 -0,336072069 -0,676880931 0,817784754 -0,33607207 -0,67688093 0,817784753
0,177316531325159 -0,458799845895952 -0,870667301054004
-0,336072069 -0,676880931 0,817784754 -0,450525866 -0,721114926 0,817784754 -0,450525861 -0,721114931 0,817784757 -0,396495633 -0,597699882 0,763754529 -0,282041833 -0,553465886 0,763754529 -0,28204184 -0,55346588 0,763754525
0,157883273369839 -0,408517022920991 -0,898992054455319
-0,282041833 -0,553465886 0,763754529 -0,396495633 -0,597699882 0,763754529 -0,396495635 -0,597699881 0,763754528 -0,391859467 -0,585705642 0,759118361 -0,318567205 -0,440030238 0,705792795 -0,311054904 -0,427885863 0,701593517 -0,219880831 -0,392648994 0,701593517 -0,219880825 -0,392648999 0,701593521
0,139438218213547 -0,360791137466293 -0,922164160237867
-0,219880831 -0,392648994 0,701593517 -0,311054904 -0,427885863 0,701593517 -0,311054905 -0,427885862 0,701593517 -0,307233239 -0,421177234 0,699546672 -0,217833986 -0,386626296 0,699546672
0,137129555903121 -0,354817560697486 -0,924824298728412
-0,217833986 -0,386626296 0,699546672 -0,307233239 -0,421177234 0,699546672 -0,307233243 -0,421177244 0,699546675 -0,233136734 -0,289713619 0,660096175 -0,212820622 -0,259824388 0,651641288 -0,149961916 -0,235530815 0,651641288
0,134587444309397 -0,348239942701383 -0,927693463457408
-0,149961916 -0,235530815 0,651641288 -0,212820622 -0,259824388 0,651641288 -0,212820633 -0,259824408 0,651641294 -0,191040521 -0,22746162 0,642652672 -0,132965747 -0,205016936 0,642652672 -0,132965744 -0,205016931 0,64265267
0,132092681162427 -0,341784837027801 -0,930448627685162
-0,132965747 -0,205016936 0,642652672 -0,191040521 -0,22746162 0,642652672 -0,164821311 -0,188118428 0,631922858 -0,112539465 -0,16791259 0,631922858 -0,112539467 -0,167912588 0,631922857
0,115406372751923 -0,298609642531848 -0,947371970513824
-0,112539465 -0,16791259 0,631922858 -0,164821311 -0,188118428 0,631922858 -0,164821305 -0,188118438 0,631922862 -0,134021343 -0,138657551 0,620084866 -0,100545304 -0,09357528 0,609952992 -0,068539752 -0,081205805 0,609952992
0,11297904823722 -0,292329031779076 -0,949620698931168
-0,068539752 -0,081205805 0,609952992 -0,100545304 -0,09357528 0,609952992 -0,100545299 -0,093575273 0,609952991 -0,06404462 -0,043993317 0,599032385 -0,039835603 -0,034637039 0,599032385 -0,039835625 -0,034637083 0,599032396
0,11060470958232 -0,286185519942748 -0,951769114015216
-0,039835603 -0,034637039 0,599032385 -0,06404462 -0,043993317 0,599032385 -0,055872543 -0,032797508 0,596615614 -0,034588819 -0,019693563 0,595148788 -0,028883092 -0,016687769 0,594908043
-0,11060470958232 0,286185519942748 -0,951769114015216
0,055872513 0,032797492 0,596615612 0,034588794 0,01969355 0,595148787 0,028883094 0,016687771 0,594908042 0,039835598 0,03463703 0,599032382 0,039835512 0,034636909 0,599032356 0,064044498 0,043993175 0,599032356
-0,11297904823722 0,292329031779076 -0,949620698931168
0,064044534 0,043993217 0,599032365 0,064044498 0,043993175 0,599032356 0,039835512 0,034636909 0,599032356 0,068539762 0,081205831 0,609952999 0,100545309 0,093575304 0,609952999
-0,115406372751923 0,298609642531848 -0,947371970513824
0,134021398 0,138657625 0,620084882 0,100545415 0,09357543 0,609953026 0,100545309 0,093575304 0,609952999 0,068539762 0,081205831 0,609952999 0,112539463 0,167912591 0,631922858 0,112539451 0,16791258 0,631922856 0,164821304 0,188118421 0,631922856
-0,132092681162427 0,341784837027801 -0,930448627685162
0,164821314 0,188118429 0,631922858 0,164821304 0,188118421 0,631922856 0,112539451 0,16791258 0,631922856 0,132965695 0,205016863 0,642652653 0,132965688 0,205016852 0,642652649 0,191040469 0,227461538 0,642652649
-0,134587444309397 0,348239942701383 -0,927693463457408
0,19104045 0,227461514 0,642652643 0,191040469 0,227461538 0,642652649 0,132965688 0,205016852 0,642652649 0,149961929 0,235530861 0,651641304 0,212820657 0,259824443 0,651641304
-0,137129555903121 0,354817560697486 -0,924824298728412
0,233136744 0,289713635 0,660096179 0,212820671 0,259824461 0,651641309 0,212820657 0,259824443 0,651641304 0,149961929 0,235530861 0,651641304 0,217833985 0,38662631 0,699546678 0,307233249 0,421177253 0,699546678
-0,139438218213547 0,360791137466293 -0,922164160237867
0,307233246 0,421177248 0,699546676 0,307233249 0,421177253 0,699546678 0,217833985 0,38662631 0,699546678 0,219880826 0,392648995 0,701593519 0,311054909 0,427885868 0,701593519
-0,157883273369839 0,408517022920991 -0,898992054455319
0,391859463 0,58570563 0,759118356 0,318567228 0,44003028 0,70579281 0,311054901 0,427885862 0,701593517 0,311054909 0,427885868 0,701593519 0,219880826 0,392648995 0,701593519 0,28204183 0,553465871 0,763754523 0,282041842 0,553465883 0,763754526 0,396495634 0,597699876 0,763754526
-0,177316531325159 0,458799845895952 -0,870667301054004
0,396495637 0,59769988 0,763754527 0,396495634 0,597699876 0,763754526 0,282041842 0,553465883 0,763754526 0,336072071 0,676880935 0,817784756 0,336072072 0,676880936 0,817784756 0,450525866 0,72111493 0,817784756
-0,198186239304112 0,512799429200898 -0,835319675311031
0,450525873 0,721114937 0,817784758 0,450525866 0,72111493 0,817784756 0,336072072 0,676880936 0,817784756 0,38134254 0,768119916 0,863055224 0,49579634 0,812353912 0,863055224
-0,167006758992386 0,608653796901007 -0,775660555893393
0,698256204 0,955649886 0,925565214 0,671795511 0,914668247 0,899104521 0,671795504 0,914668242 0,899104519 0,531845631 0,8762678 0,899104519 -1,06904985 2,477163281 2,5 -0,876178582 2,530084672 2,5
0,167006758992386 -0,608653796901007 -0,775660555893393
1,06904985 -2,477163281 2,5 0,876178582 -2,530084672 2,5 -0,698256204 -0,955649886 0,925565214 -0,671795509 -0,914668243 0,899104519 -0,531845631 -0,8762678 0,899104519
0,150566743452993 -0,548738390246001 -0,822323436876384
-0,531845631 -0,8762678 0,899104519 -0,671795509 -0,914668243 0,899104519 -0,671795507 -0,914668246 0,899104521 -0,635746209 -0,850754352 0,863055224 -0,495796336 -0,81235391 0,863055224
0,135403149829061 -0,493474885406111 -0,859155704450477
-0,495796336 -0,81235391 0,863055224 -0,635746209 -0,850754352 0,863055224 -0,594891866 -0,768415716 0,822200881 -0,589101815 -0,759138387 0,817784757 -0,450525861 -0,721114931 0,817784757 -0,450525866 -0,721114926 0,817784754
0,121327391887356 -0,442175982492435 -0,888684457208891
-0,450525861 -0,721114931 0,817784757 -0,589101815 -0,759138387 0,817784757 -0,589101816 -0,759138385 0,817784756 -0,516763647 -0,630699874 0,763754528 -0,396495635 -0,597699881 0,763754528 -0,396495633 -0,597699882 0,763754529
0,108258743274551 -0,394547475439546 -0,912475936191687
-0,396495635 -0,597699881 0,763754528 -0,516763647 -0,630699874 0,763754528 -0,516763646 -0,630699875 0,763754529 -0,515709274 -0,628630801 0,762984971 -0,508865499 -0,617810589 0,759118361 -0,391859467 -0,585705642 0,759118361
0,106644922364125 -0,388665927707135 -0,915186132529062
-0,391859467 -0,585705642 0,759118361 -0,508865499 -0,617810589 0,759118361 -0,508865489 -0,61781057 0,759118354 -0,424922949 -0,483669971 0,711932505 -0,4112515 -0,465461615 0,705792795 -0,318567205 -0,440030238 0,705792795
0,104908320288458 -0,38233690573558 -0,918048329254401
-0,318567205 -0,440030238 0,705792795 -0,4112515 -0,465461615 0,705792795 -0,411251501 -0,465461616 0,705792796 -0,401834904 -0,452794723 0,701593517 -0,311054905 -0,427885862 0,701593517 -0,311054904 -0,427885863 0,701593517
0,0929094802356537 -0,338607301014133 -0,936329495520816
-0,311054905 -0,427885862 0,701593517 -0,401834904 -0,452794723 0,701593517 -0,401834903 -0,452794724 0,701593517 -0,396993092 -0,44580619 0,699546675 -0,307233243 -0,421177244 0,699546675 -0,307233239 -0,421177234 0,699546672
0,0914073412676049 -0,333132776558403 -0,938438730629164
-0,307233243 -0,421177244 0,699546675 -0,396993092 -0,44580619 0,699546675 -0,396993158 -0,445806307 0,69954671 -0,321936331 -0,33648506 0,668049986 -0,298418304 -0,30762604 0,660096175 -0,233136734 -0,289713619 0,660096175
0,0897551001973907 -0,327111207091101 -0,940713707875015
-0,233136734 -0,289713619 0,660096175 -0,298418304 -0,30762604 0,660096175 -0,298418288 -0,307626017 0,660096168 -0,273180888 -0,276386485 0,651641294 -0,212820633 -0,259824408 0,651641294 -0,212820622 -0,259824388 0,651641288
0,0881332029116652 -0,321200225121891 -0,942901348989478
-0,212820633 -0,259824408 0,651641294 -0,273180888 -0,276386485 0,651641294 -0,273180904 -0,276386508 0,651641301 -0,246093472 -0,24256744 0,642652672 -0,191040521 -0,22746162 0,642652672
0,0865411922840182 -0,315398164659965 -0,945005089810201
-0,191040521 -0,22746162 0,642652672 -0,246093472 -0,24256744 0,642652672 -0,213447588 -0,201460863 0,631922862 -0,164821305 -0,188118438 0,631922862 -0,164821311 -0,188118428 0,631922858
0,0758789032013062 -0,276539601252093 -0,95800221345689
-0,164821305 -0,188118438 0,631922862 -0,213447588 -0,201460863 0,631922862 -0,213447588 -0,201460865 0,631922862 -0,205489148 -0,19083664 0,629486395 -0,167458087 -0,147832163 0,620084866 -0,134021343 -0,138657551 0,620084866
0,0743274705938942 -0,270885426817271 -0,959737731181357
-0,134021343 -0,138657551 0,620084866 -0,167458087 -0,147832163 0,620084866 -0,16745802 -0,147832074 0,620084846 -0,125960124 -0,100548773 0,609952991 -0,100545299 -0,093575273 0,609952991 -0,100545304 -0,09357528 0,609952992
0,0728089597548491 -0,265351235306721 -0,961398760817079
-0,100545299 -0,093575273 0,609952991 -0,125960124 -0,100548773 0,609952991 -0,125960117 -0,100548765 0,609952989 -0,088304999 -0,05732079 0,600873545 -0,07658594 -0,047434493 0,599032385 -0,06404462 -0,043993317 0,599032385
0,0713226951467351 -0,259934564733709 -0,962988626731232
-0,068440448 -0,040524115 0,597770389 -0,06473348 -0,037940213 0,597347482 -0,055872543 -0,032797508 0,596615614 -0,06404462 -0,043993317 0,599032385 -0,07658594 -0,047434493 0,599032385
-0,0713226951467351 0,259934564733709 -0,962988626731232
0,068440459 0,040524124 0,597770391 0,064733489 0,03794022 0,597347484 0,055872513 0,032797492 0,596615612 0,064044498 0,043993175 0,599032356 0,064044534 0,043993217 0,599032365 0,076585809 0,047434382 0,599032365
-0,0728089597548491 0,265351235306721 -0,961398760817079
0,088304971 0,057320765 0,60087354 0,076585809 0,047434382 0,599032365 0,064044534 0,043993217 0,599032365 0,100545309 0,093575304 0,609952999 0,100545415 0,09357543 0,609953026 0,12596026 0,100548935 0,609953026
-0,0743274705938942 0,270885426817271 -0,959737731181357
0,1259603 0,100548976 0,609953034 0,12596026 0,100548935 0,609953026 0,100545415 0,09357543 0,609953026 0,134021398 0,138657625 0,620084882 0,167458169 0,147832244 0,620084882
-0,0758789032013062 0,276539601252093 -0,95800221345689
0,205489066 0,190836536 0,629486371 0,167458169 0,147832244 0,620084882 0,134021398 0,138657625 0,620084882 0,164821304 0,188118421 0,631922856 0,164821314 0,188118429 0,631922858 0,21344757 0,201460847 0,631922858
-0,0865411922840182 0,315398164659965 -0,945005089810201
0,213447571 0,201460847 0,631922858 0,21344757 0,201460847 0,631922858 0,164821314 0,188118429 0,631922858 0,191040469 0,227461538 0,642652649 0,19104045 0,227461514 0,642652643 0,246093378 0,242567328 0,642652643
-0,0881332029116652 0,321200225121891 -0,942901348989478
0,246093436 0,242567391 0,642652659 0,246093378 0,242567328 0,642652643 0,19104045 0,227461514 0,642652643 0,212820657 0,259824443 0,651641304 0,212820671 0,259824461 0,651641309 0,273180932 0,276386539 0,651641309
-0,0897551001973907 0,327111207091101 -0,940713707875015
0,273180932 0,276386539 0,651641309 0,212820671 0,259824461 0,651641309 0,233136744 0,289713635 0,660096179 0,298418321 0,307626058 0,660096179
-0,0914073412676049 0,333132776558403 -0,938438730629164
0,321936412 0,336485154 0,668050012 0,298418333 0,307626071 0,660096183 0,298418321 0,307626058 0,660096179 0,233136744 0,289713635 0,660096179 0,307233249 0,421177253 0,699546678 0,307233246 0,421177248 0,699546676 0,396993097 0,445806195 0,699546676
-0,0929094802356537 0,338607301014133 -0,936329495520816
0,396993096 0,445806193 0,699546676 0,396993097 0,445806195 0,699546676 0,307233246 0,421177248 0,699546676 0,311054909 0,427885868 0,701593519 0,311054901 0,427885862 0,701593517 0,401834906 0,452794725 0,701593517
-0,104908320288458 0,38233690573558 -0,918048329254401
0,401834904 0,452794724 0,701593517 0,401834906 0,452794725 0,701593517 0,311054901 0,427885862 0,701593517 0,318567228 0,44003028 0,70579281 0,411251533 0,465461659 0,70579281
-0,106644922364125 0,388665927707135 -0,915186132529062
0,424922916 0,483669934 0,711932493 0,4112515 0,465461621 0,705792798 0,411251533 0,465461659 0,70579281 0,318567228 0,44003028 0,70579281 0,391859463 0,58570563 0,759118356 0,508865482 0,617810574 0,759118356
-0,108258743274551 0,394547475439546 -0,912475936191687
0,515709276 0,628630799 0,76298497 0,508865544 0,617810656 0,759118385 0,508865482 0,617810574 0,759118356 0,391859463 0,58570563 0,759118356 0,396495634 0,597699876 0,763754526 0,396495637 0,59769988 0,763754527 0,516763646 0,630699872 0,763754527
-0,121327391887356 0,442175982492435 -0,888684457208891
0,516763645 0,630699871 0,763754527 0,516763646 0,630699872 0,763754527 0,396495637 0,59769988 0,763754527 0,450525866 0,72111493 0,817784756 0,450525873 0,721114937 0,817784758 0,589101819 0,75913839 0,817784758
-0,135403149829061 0,493474885406111 -0,859155704450477
0,594891884 0,768415741 0,822200892 0,589101819 0,759138391 0,817784758 0,589101819 0,75913839 0,817784758 0,450525873 0,721114937 0,817784758 0,49579634 0,812353912 0,863055224 0,495796335 0,812353908 0,863055223 0,635746215 0,850754352 0,863055223
-0,150566743452993 0,548738390246001 -0,822323436876384
0,635746205 0,850754345 0,86305522 0,635746215 0,850754352 0,863055223 0,495796335 0,812353908 0,863055223 0,531845631 0,8762678 0,899104519 0,671795504 0,914668242 0,899104519
-0,108825742097801 0,646385044467868 -0,755210786565669
0,878878149 1,005457085 0,942167613 0,86227575 0,983264307 0,925565214 0,698256204 0,955649886 0,925565214 -0,876178582 2,530084672 2,5 -0,678954237 2,563289471 2,5
0,108825742097801 -0,646385044467868 -0,755210786565669
0,876178582 -2,530084672 2,5 0,678954237 -2,563289471 2,5 -0,878878149 -1,005457085 0,942167613 -0,86227575 -0,983264307 0,925565214 -0,698256204 -0,955649886 0,925565214
0,0982921040734051 -0,583819093144619 -0,805911861655242
-0,698256204 -0,955649886 0,925565214 -0,86227575 -0,983264307 0,925565214 -0,835815057 -0,942282668 0,899104521 -0,671795507 -0,914668246 0,899104521 -0,671795509 -0,914668243 0,899104519
0,0886958845459212 -0,526821064310396 -0,845335794973499
-0,671795507 -0,914668246 0,899104521 -0,835815057 -0,942282668 0,899104521 -0,82847942 -0,92927689 0,891768884 -0,791639666 -0,87700066 0,863055224 -0,635746209 -0,850754352 0,863055224
0,0799006366123478 -0,474580513342781 -0,876578133781721
-0,635746209 -0,850754352 0,863055224 -0,791639666 -0,87700066 0,863055224 -0,741324331 -0,79746443 0,824580482 -0,73743879 -0,792414995 0,822200881 -0,594891866 -0,768415716 0,822200881
0,0788168538878024 -0,468143240955801 -0,880130563888465
-0,594891866 -0,768415716 0,822200881 -0,73743879 -0,792414995 0,822200881 -0,73019733 -0,782893304 0,817784756 -0,589101816 -0,759138385 0,817784756 -0,589101815 -0,759138387 0,817784757
0,0707773518661871 -0,420391543870462 -0,904578087455704
-0,589101816 -0,759138385 0,817784756 -0,73019733 -0,782893304 0,817784756 -0,643987408 -0,659054198 0,76697742 -0,637272652 -0,650988838 0,763754529 -0,516763646 -0,630699875 0,763754529 -0,516763647 -0,630699874 0,763754528
0,0633184054395211 -0,376088134357748 -0,924417922115265
-0,516763646 -0,630699875 0,763754529 -0,637272652 -0,650988838 0,763754529 -0,635592406 -0,648814391 0,762984971 -0,515709274 -0,628630801 0,762984971
0,0623975453486068 -0,370618562734892 -0,926686801077253
-0,515709274 -0,628630801 0,762984971 -0,635592406 -0,648814391 0,762984971 -0,627096576 -0,637716021 0,759118354 -0,508865489 -0,61781057 0,759118354 -0,508865499 -0,617810589 0,759118361
0,0614899317146744 -0,365227670214244 -0,928885212072837
-0,508865489 -0,61781057 0,759118354 -0,627096576 -0,637716021 0,759118354 -0,535684393 -0,517185852 0,717778452 -0,519961541 -0,499670721 0,711932505 -0,424922949 -0,483669971 0,711932505
0,0605140929072714 -0,359431545154515 -0,931207285682113
-0,424922949 -0,483669971 0,711932505 -0,519961541 -0,499670721 0,711932505 -0,503315929 -0,480961634 0,705792796 -0,411251501 -0,465461616 0,705792796 -0,4112515 -0,465461615 0,705792795
0,0595535641421619 -0,353726356137839 -0,933451143858859
-0,411251501 -0,465461616 0,705792796 -0,503315929 -0,480961634 0,705792796 -0,491839097 -0,46794788 0,701593517 -0,401834903 -0,452794724 0,701593517 -0,401834904 -0,452794723 0,701593517
0,0529109750434001 -0,314271810115757 -0,947857403878095
-0,401834903 -0,452794724 0,701593517 -0,491839097 -0,46794788 0,701593517 -0,485893699 -0,460773651 0,69954671 -0,396993158 -0,445806307 0,69954671 -0,396993092 -0,44580619 0,699546675
0,0520782636135485 -0,309325809250173 -0,949529040203997
-0,396993158 -0,445806307 0,69954671 -0,485893699 -0,460773651 0,69954671 -0,415555726 -0,37521866 0,675533451 -0,388991188 -0,347774453 0,668049986 -0,321936331 -0,33648506 0,668049986
0,0511631226169391 -0,303890206952547 -0,95133226424968
-0,321936331 -0,33648506 0,668049986 -0,388991188 -0,347774453 0,668049986 -0,360465863 -0,318072381 0,660096168 -0,298418288 -0,307626017 0,660096168 -0,298418304 -0,30762604 0,660096175
0,0502643460936148 -0,298551803631818 -0,953068893658779
-0,298418288 -0,307626017 0,660096168 -0,360465863 -0,318072381 0,660096168 -0,329829262 -0,285923857 0,651641301 -0,273180904 -0,276386508 0,651641301 -0,273180888 -0,276386485 0,651641294
0,0493816755427524 -0,293309063887788 -0,954741453568378
-0,273180904 -0,276386508 0,651641301 -0,329829262 -0,285923857 0,651641301 -0,296919135 -0,251124477 0,642652672 -0,246093472 -0,24256744 0,642652672
0,0485148519158059 -0,288160449066985 -0,956352374774644
-0,246093472 -0,24256744 0,642652672 -0,296919135 -0,251124477 0,642652672 -0,283037783 -0,236334994 0,638900611 -0,251850991 -0,207926484 0,631922862 -0,213447588 -0,201460865 0,631922862 -0,213447588 -0,201460863 0,631922862
0,042696444990236 -0,253601243250252 -0,966366091606655
-0,213447588 -0,201460865 0,631922862 -0,251850991 -0,207926484 0,631922862 -0,240034891 -0,196652781 0,629486395 -0,205489148 -0,19083664 0,629486395
0,0418489607320383 -0,248567497195678 -0,967710113527561
-0,205489148 -0,19083664 0,629486395 -0,240034891 -0,196652781 0,629486395 -0,193840083 -0,152273772 0,620084846 -0,16745802 -0,147832074 0,620084846 -0,167458087 -0,147832163 0,620084866
0,0410188161638573 -0,243636742548158 -0,968998758720071
-0,16745802 -0,147832074 0,620084846 -0,193840083 -0,152273772 0,620084846 -0,143398219 -0,103484653 0,609952989 -0,125960117 -0,100548765 0,609952989 -0,125960124 -0,100548773 0,609952991
0,0402056586647343 -0,238806884868368 -0,970234392686015
-0,125960117 -0,100548765 0,609952989 -0,143398219 -0,103484653 0,609952989 -0,140608718 -0,100768453 0,609400036 -0,088304999 -0,05732079 0,600873545
-0,0402056586647343 0,238806884868368 -0,970234392686015
0,140608716 0,10076845 0,609400036 0,088304971 0,057320765 0,60087354 0,12596026 0,100548935 0,609953026 0,1259603 0,100548976 0,609953034 0,143398444 0,103484871 0,609953034
-0,0410188161638573 0,243636742548158 -0,968998758720071
0,143398444 0,103484871 0,609953034 0,1259603 0,100548976 0,609953034 0,167458169 0,147832244 0,620084882 0,193840266 0,152273949 0,620084882
-0,0418489607320383 0,248567497195678 -0,967710113527561
0,193840266 0,152273949 0,620084882 0,167458169 0,147832244 0,620084882 0,205489066 0,190836536 0,629486371 0,240034776 0,19665267 0,629486371
-0,042696444990236 0,253601243250252 -0,966366091606655
0,240034776 0,19665267 0,629486371 0,205489066 0,190836536 0,629486371 0,21344757 0,201460847 0,631922858 0,213447571 0,201460847 0,631922858 0,251850972 0,207926465 0,631922858
-0,0485148519158059 0,288160449066985 -0,956352374774644
0,283037771 0,236334983 0,638900609 0,251850972 0,207926465 0,631922858 0,213447571 0,201460847 0,631922858 0,246093378 0,242567328 0,642652643 0,246093436 0,242567391 0,642652659 0,296919086 0,251124426 0,642652659
-0,0493816755427524 0,293309063887788 -0,954741453568378
0,296919086 0,251124426 0,642652659 0,246093436 0,242567391 0,642652659 0,273180932 0,276386539 0,651641309 0,32982929 0,285923888 0,651641309
-0,0502643460936148 0,298551803631818 -0,953068893658779
0,32982929 0,285923888 0,651641309 0,273180932 0,276386539 0,651641309 0,298418321 0,307626058 0,660096179 0,298418333 0,307626071 0,660096183 0,360465915 0,318072436 0,660096183
-0,0511631226169391 0,303890206952547 -0,95133226424968
0,360465915 0,318072436 0,660096183 0,298418333 0,307626071 0,660096183 0,321936412 0,336485154 0,668050012 0,388991278 0,347774548 0,668050012
-0,0520782636135485 0,309325809250173 -0,949529040203997
0,415555737 0,375218673 0,675533454 0,388991278 0,347774548 0,668050012 0,321936412 0,336485154 0,668050012 0,396993097 0,445806195 0,699546676 0,396993096 0,445806193 0,699546676 0,4858936 0,460773531 0,699546676
-0,0529109750434001 0,314271810115757 -0,947857403878095
0,4858936 0,460773531 0,699546676 0,396993096 0,445806193 0,699546676 0,401834906 0,452794725 0,701593517 0,401834904 0,452794724 0,701593517 0,491839098 0,46794788 0,701593517
-0,0595535641421619 0,353726356137839 -0,933451143858859
0,491839098 0,46794788 0,701593517 0,401834904 0,452794724 0,701593517 0,411251533 0,465461659 0,70579281 0,4112515 0,465461621 0,705792798 0,503315936 0,48096164 0,705792798
-0,0605140929072714 0,359431545154515 -0,931207285682113
0,503315936 0,48096164 0,705792798 0,4112515 0,465461621 0,705792798 0,424922916 0,483669934 0,711932493 0,519961508 0,499670683 0,711932493
-0,0614899317146744 0,365227670214244 -0,928885212072837
0,535684397 0,517185855 0,717778453 0,519961508 0,499670683 0,711932493 0,424922916 0,483669934 0,711932493 0,508865482 0,617810574 0,759118356 0,508865544 0,617810656 0,759118385 0,627096645 0,63771611 0,759118385
-0,0623975453486068 0,370618562734892 -0,926686801077253
0,627096645 0,63771611 0,759118385 0,508865544 0,617810656 0,759118385 0,515709276 0,628630799 0,76298497 0,635592405 0,648814389 0,76298497
-0,0633184054395211 0,376088134357748 -0,924417922115265
0,635592405 0,648814389 0,76298497 0,515709276 0,628630799 0,76298497 0,516763646 0,630699872 0,763754527 0,516763645 0,630699871 0,763754527 0,637272649 0,650988833 0,763754527
-0,0707773518661871 0,420391543870462 -0,904578087455704
0,643987405 0,659054193 0,766977418 0,637272649 0,650988833 0,763754527 0,516763645 0,630699871 0,763754527 0,589101819 0,75913839 0,817784758 0,589101819 0,759138391 0,817784758 0,730197335 0,782893309 0,817784758
-0,0788168538878024 0,468143240955801 -0,880130563888465
0,730197335 0,782893309 0,817784758 0,589101819 0,759138391 0,817784758 0,594891884 0,768415741 0,822200892 0,737438809 0,79241502 0,822200892
-0,0799006366123478 0,474580513342781 -0,876578133781721
0,741324331 0,79746443 0,824580481 0,737438809 0,79241502 0,822200892 0,594891884 0,768415741 0,822200892 0,635746215 0,850754352 0,863055223 0,635746205 0,850754345 0,86305522 0,791639661 0,877000653 0,86305522
-0,0886958845459212 0,526821064310396 -0,845335794973499
0,828479418 0,929276888 0,891768883 0,791639661 0,877000653 0,86305522 0,635746205 0,850754345 0,86305522 0,671795504 0,914668242 0,899104519 0,671795511 0,914668247 0,899104521 0,835815057 0,942282668 0,899104521
-0,0982921040734051 0,583819093144619 -0,805911861655242
0,835815057 0,942282668 0,899104521 0,671795511 0,914668247 0,899104521 0,698256204 0,955649886 0,925565214 0,86227575 0,983264307 0,925565214
