0 0,707106781186547 -0,707106781186547
0,4621 4,1 2,5 2,2621 4,1 2,5 1,3621 3,2 1,6
-0,707106781186547 0 -0,707106781186547
-0,5721 -1,108592156 0,81 -0,6621 -1,398592156 0,9 -0,762100006 -1,698592174 1,000000006 -0,86210001 -1,980245228 1,10000001 -0,962099987 -2,246634519 1,199999987 -1,062099986 -2,500126457 1,299999986 -1,162100001 -2,742576636 1,400000001 -1,2621 -2,975466999 1,5 -1,3621 -3,2 1,6 -2,2621 -4,1 2,5 -2,2621 0,900000045 2,5 -0,501301733 -0,860798222 0,739201733
0 0 1
-2,2621 -4,1 2,5 -0,4621 -4,1 2,5 -0,1409 -3,9 2,5 0,160100017 -3,699999989 2,5 0,440900032 -3,499999978 2,5 0,701499996 -3,300000006 2,5 0,9419 -3,100000002 2,5 1,162100007 -2,899999996 2,5 1,362099987 -2,700000016 2,5 1,542099996 -2,500000006 2,5 1,702100002 -2,299999999 2,5 1,842100003 -2,099999997 2,5 1,9621 -1,900000002 2,5 2,062100015 -1,699999972 2,5 2,142100007 -1,499999991 2,5 2,2021 -1,300000015 2,5 2,242100006 -1,099999987 2,5 2,2621 -0,900000045 2,5 2,2621 4,1 2,5 0,4621 4,1 2,5 0,1409 3,9 2,5 -0,160100017 3,699999989 2,5 -0,440900032 3,499999978 2,5 -0,701500004 3,3 2,5 -0,941899988 3,100000012 2,5 -1,162099979 2,900000021 2,5 -1,3621 2,7 2,5 -1,542100002 2,499999998 2,5 -1,702100001 2,299999999 2,5 -1,842099998 2,100000003 2,5 -1,96210021 1,89999965 2,5 -2,062099879 1,700000312 2,5 -2,142100007 1,499999991 2,5 -2,2021 1,300000015 2,5 -2,242100006 1,099999987 2,5 -2,2621 0,900000045 2,5
0,707106781186547 0 -0,707106781186547
2,2621 -0,900000045 2,5 0,501301733 0,860798222 0,739201733 0,5721 1,108592156 0,81 0,6621 1,398592156 0,9 0,762100006 1,698592174 1,000000006 0,86210001 1,980245228 1,10000001 0,962099987 2,246634519 1,199999987 1,062099986 2,500126457 1,299999986 1,162100001 2,742576636 1,400000001 1,2621 2,975466999 1,5 1,3621 3,2 1,6 2,2621 4,1 2,5
0 -0,707106781186547 -0,707106781186547
-0,4621 -4,1 2,5 -2,2621 -4,1 2,5 -1,3621 -3,2 1,6
-0,671156055214024 0,0671156055214025 -0,738271660735427
-0,442070407 -0,700029612 0,699970401 -0,461705776 -0,754311846 0,712885988 -0,487684255 -0,8258426 0,729999991 -0,501301733 -0,860798222 0,739201733 -2,2621 0,900000045 2,5 -2,242100006 1,099999987 2,5
0,671156055214024 -0,0671156055214025 -0,738271660735427
0,501301733 0,860798222 0,739201733 2,2621 -0,900000045 2,5 2,242100006 -1,099999987 2,5 0,442070407 0,700029612 0,699970401 0,461705776 0,754311846 0,712885988 0,487684255 0,8258426 0,729999991
-0,635000635000952 0,127000127000191 -0,762000762001143
-0,366344902 -0,535755084 0,664244901 -0,388152878 -0,583250553 0,674502303 -0,411527059 -0,633977934 0,685526224 -0,442070407 -0,700029612 0,699970401 -2,242100006 1,099999987 2,5 -2,2021 1,300000015 2,5
0,635000635000952 -0,127000127000191 -0,762000762001143
0,388152878 0,583250553 0,674502303 0,411527059 0,633977934 0,685526224 0,442070407 0,700029612 0,699970401 2,242100006 -1,099999987 2,5 2,2021 -1,300000015 2,5 0,366344902 0,535755084 0,664244901
-0,599760143904067 0,17992804317122 -0,779688187075287
-0,276179078 -0,365920938 0,634079071 -0,297153217 -0,405865424 0,640995066 -0,319721247 -0,448716822 0,648466305 -0,344005285 -0,494687652 0,656537681 -0,354380889 -0,514269616 0,659999999 -0,366344902 -0,535755084 0,664244901 -2,2021 1,300000015 2,5 -2,142100007 1,499999991 2,5
0,599760143904067 -0,17992804317122 -0,779688187075287
0,366344902 0,535755084 0,664244901 2,2021 -1,300000015 2,5 2,142100007 -1,499999991 2,5 0,276179078 0,365920938 0,634079071 0,297153217 0,405865424 0,640995066 0,319721247 0,448716822 0,648466305 0,344005285 0,494687652 0,656537681 0,354380889 0,514269616 0,659999999
-0,566138517072298 0,226455406828919 -0,792593923901217
-0,169270528 -0,192829039 0,607170649 -0,187463223 -0,222464432 0,611698176 -0,207118957 -0,254393228 0,616615473 -0,228356892 -0,288794572 0,621956471 -0,251305407 -0,325860743 0,627757933 -0,276179078 -0,365920938 0,634079071 -2,142100007 1,499999991 2,5 -2,062099879 1,700000312 2,5
0,566138517072298 -0,226455406828919 -0,792593923901217
0,187463223 0,222464432 0,611698176 0,207118957 0,254393228 0,616615473 0,228356892 0,288794572 0,621956471 0,251305407 0,325860743 0,627757933 0,276179078 0,365920938 0,634079071 2,142100007 -1,499999991 2,5 2,062100015 -1,699999972 2,5 0,169270709 0,192829334 0,607170694
-0,534522483824849 0,267261241912425 -0,801783725737273
-0,062100139 -4,21E-07 0,599999929 -0,072652387 -0,052761662 0,589447681 -0,084811306 -0,070730721 0,59156394 -0,099493856 -0,092376448 0,594137065 -0,115390344 -0,115754151 0,596942156 -0,132600394 -0,141000715 0,600000001 -0,169270528 -0,192829039 0,607170649 -2,062099879 1,700000312 2,5 -1,96210021 1,89999965 2,5
0,534522483824849 -0,267261241912425 -0,801783725737273
0,169270709 0,192829334 0,607170694 2,062100015 -1,699999972 2,5 1,9621 -1,900000002 2,5 0,0621 -2E-09 0,6 0,072652323 0,052761609 0,589447678 0,084811256 0,070730691 0,59156394 0,099493807 0,092376418 0,594137065 0,115390295 0,11575412 0,596942156 0,132600345 0,141000684 0,600000001
-0,505076272276105 0,303045763365663 -0,808122035641769
-0,002099999 0,260000003 0,66 -0,062100001 -7E-09 0,599999998 -0,062100139 -4,21E-07 0,599999929 -1,96210021 1,89999965 2,5 -1,842099998 2,100000003 2,5
0,505076272276105 -0,303045763365663 -0,808122035641769
1,9621 -1,900000002 2,5 1,842100003 -2,099999997 2,5 0,002100001 -0,259999995 0,659999998 0,0021 -0,260000002 0,66 0,0621 -2E-09 0,6
-0,477818482567496 0,334472937797248 -0,812291420364744
0,067900002 0,529999996 0,729999997 -0,002099991 0,260000023 0,660000004 -0,002099999 0,260000003 0,66 -1,842099998 2,100000003 2,5 -1,702100001 2,299999999 2,5
0,477818482567496 -0,334472937797248 -0,812291420364744
1,842100003 -2,099999997 2,5 1,702100002 -2,299999999 2,5 -0,067900001 -0,529999996 0,729999997 -0,067900002 -0,530000007 0,730000001 0,002100001 -0,259999995 0,659999998
-0,452678730212593 0,362142984170074 -0,814821714382667
0,147900002 0,809999995 0,809999997 0,067900002 0,529999996 0,729999997 -1,702100001 2,299999999 2,5 -1,542100002 2,499999998 2,5
0,452678730212593 -0,362142984170074 -0,814821714382667
1,702100002 -2,299999999 2,5 1,542099996 -2,500000006 2,5 -0,147900004 -0,810000006 0,81 -0,067900001 -0,529999996 0,729999997
-0,429536779587558 0,386583101628802 -0,81611988121636
0,2379 1,1 0,9 0,147899995 0,809999983 0,809999995 0,147900002 0,809999995 0,809999997 -1,542100002 2,499999998 2,5 -1,3621 2,7 2,5
0,429536779587558 -0,386583101628802 -0,81611988121636
1,542099996 -2,500000006 2,5 1,362099987 -2,700000016 2,5 -0,237900009 -1,100000021 0,900000005 -0,147900004 -0,810000006 0,81
-0,408248290463863 0,408248290463863 -0,816496580927726
0,337900024 1,400000018 0,999999997 0,237900028 1,100000032 0,900000002 0,237900021 1,100000021 0,9 0,2379 1,1 0,9 -1,3621 2,7 2,5 -1,162099979 2,900000021 2,5
0,408248290463863 -0,408248290463863 -0,816496580927726
1,362099987 -2,700000016 2,5 1,162100007 -2,899999996 2,5 -0,337899999 -1,39999999 0,999999994 -0,237900009 -1,100000021 0,900000005
0,379642086548638 -0,379642086548638 -0,843649081219195
-0,237900009 -1,100000021 0,900000005 -0,147900004 -0,810000006 0,81
0,348155311911396 -0,348155311911396 -0,870388279778489
-0,147900004 -0,810000006 0,81 -0,067900005 -0,53000001 0,730000001 -0,067900002 -0,530000007 0,730000001 -0,067900001 -0,529999996 0,729999997
0,313677500463754 -0,313677500463755 -0,896221429896442
-0,067900002 -0,530000007 0,730000001 -0,067900005 -0,53000001 0,730000001 -0,067900014 -0,53000001 0,729999998 0,002099984 -0,260000019 0,660000001 0,0021 -0,260000002 0,66 0,002100001 -0,259999995 0,659999998
0,276172385369497 -0,276172385369497 -0,920574617898323
0,0021 -0,260000002 0,66 0,002099984 -0,260000019 0,660000001 0,002099976 -0,260000021 0,659999999 0,062099974 -2,9E-08 0,6 0,0621 -2E-09 0,6
0,235702260395516 -0,235702260395516 -0,942809041582063
0,072652323 0,052761609 0,589447678 0,0621 -2E-09 0,6 0,062099974 -2,9E-08 0,6 0,062099965 -3,2E-08 0,599999999 0,072652287 0,052761579 0,589447677
-0,235702260395516 0,235702260395516 -0,942809041582063
-0,072652297 -0,052761587 0,589447677 -0,072652387 -0,052761662 0,589447681 -0,062100139 -4,21E-07 0,599999929 -0,062100001 -7E-09 0,599999998 -0,062099976 1,8E-08 0,599999998
-0,276172385369497 0,276172385369497 -0,920574617898323
-0,062099966 3,3E-08 0,599999999 -0,062099976 1,8E-08 0,599999998 -0,062100001 -7E-09 0,599999998 -0,002099999 0,260000003 0,66 -0,002099991 0,260000023 0,660000004 -0,002099961 0,260000053 0,660000004
-0,313677500463754 0,313677500463755 -0,896221429896442
-0,002099991 0,260000009 0,659999999 -0,002099961 0,260000053 0,660000004 -0,002099991 0,260000023 0,660000004 0,067900002 0,529999996 0,729999997 0,067900007 0,530000001 0,729999997
-0,348155311911396 0,348155311911396 -0,870388279778489
0,067900007 0,530000001 0,729999997 0,067900002 0,529999996 0,729999997 0,147900002 0,809999995 0,809999997 0,147899995 0,809999983 0,809999995 0,147900004 0,809999992 0,809999995
-0,379642086548638 0,379642086548638 -0,843649081219195
0,14790002 0,810000017 0,809999999 0,147900004 0,809999992 0,809999995 0,147899995 0,809999983 0,809999995 0,2379 1,1 0,9 0,237900021 1,100000021 0,9
-0,388473242250517 0,427709039717815 -0,816182281968333
0,458100005 1,700000019 1,100000007 0,358099996 1,418346951 0,999999998 0,358099994 1,418346949 0,999999997 0,337900024 1,400000018 0,999999997 -1,162099979 2,900000021 2,5 -0,941899988 3,100000012 2,5
0,388473242250517 -0,427709039717815 -0,816182281968333
1,162100007 -2,899999996 2,5 0,9419 -3,100000002 2,5 -0,4581 -1,700000002 1,1 -0,358099994 -1,418346943 0,999999994 -0,337899999 -1,39999999 0,999999994
0,364759259499304 -0,401599944708729 -0,840040574626884
-0,337899999 -1,39999999 0,999999994 -0,358099994 -1,418346943 0,999999994 -0,358099992 -1,418346943 0,999999995 -0,258100002 -1,118346972 0,900000005 -0,237900009 -1,100000021 0,900000005
0,338977082635493 -0,373213767981674 -0,863600614194346
-0,237900009 -1,100000021 0,900000005 -0,258100002 -1,118346972 0,900000005 -0,2581 -1,118346973 0,900000006 -0,168099995 -0,828346955 0,81 -0,147900004 -0,810000006 0,81
0,310764935529917 -0,342152194018435 -0,886767743534607
-0,147900004 -0,810000006 0,81 -0,168099995 -0,828346955 0,81 -0,168099992 -0,828346955 0,810000001 -0,088099989 -0,548346946 0,729999998 -0,067900014 -0,53000001 0,729999998 -0,067900005 -0,53000001 0,730000001
0,280019181298835 -0,308301118610015 -0,909142276196935
-0,067900014 -0,53000001 0,729999998 -0,088099989 -0,548346946 0,729999998 -0,088099999 -0,548346947 0,729999996 -0,018100002 -0,278346958 0,659999999 0,002099976 -0,260000021 0,659999999 0,002099984 -0,260000019 0,660000001
0,246687022485997 -0,27160241175708 -0,930256761794684
0,002099976 -0,260000021 0,659999999 -0,018100002 -0,278346958 0,659999999 -0,0181 -0,278346958 0,659999999 0,0419 -0,018346958 0,599999999 0,062099965 -3,2E-08 0,599999999 0,062099974 -2,9E-08 0,6
0,210784666061757 -0,232073917333992 -0,949584920608204
0,064951064 0,046766212 0,589203432 0,072652287 0,052761579 0,589447677 0,062099965 -3,2E-08 0,599999999 0,0419 -0,018346958 0,599999999 0,041900004 -0,018346956 0,6 0,044957813 -0,003057911 0,596942191 0,0581591 0,04147339 0,588989321
-0,210784666061757 0,232073917333992 -0,949584920608204
-0,044957758 0,003058095 0,596942223 -0,058159098 -0,04147339 0,588989321 -0,064950277 -0,046765599 0,589203407 -0,072652297 -0,052761587 0,589447677 -0,062099976 1,8E-08 0,599999998 -0,062099966 3,3E-08 0,599999999 -0,041899982 0,018346975 0,599999999
-0,246687022485997 0,27160241175708 -0,930256761794684
-0,041899994 0,01834696 0,599999998 -0,041899982 0,018346975 0,599999999 -0,062099966 3,3E-08 0,599999999 -0,002099961 0,260000053 0,660000004 -0,002099991 0,260000009 0,659999999 0,018100007 0,278346964 0,659999999
-0,280019181298835 0,308301118610015 -0,909142276196935
0,0181 0,278346955 0,659999998 0,018100007 0,278346964 0,659999999 -0,002099991 0,260000009 0,659999999 0,067900007 0,530000001 0,729999997 0,088099999 0,548346951 0,729999997
-0,310764935529917 0,342152194018435 -0,886767743534607
0,0881 0,548346952 0,729999997 0,088099999 0,548346951 0,729999997 0,067900007 0,530000001 0,729999997 0,147900004 0,809999992 0,809999995 0,14790002 0,810000017 0,809999999 0,168100001 0,828346957 0,809999999
-0,338977082635493 0,373213767981674 -0,863600614194346
0,168100003 0,82834696 0,809999999 0,168100001 0,828346957 0,809999999 0,14790002 0,810000017 0,809999999 0,237900021 1,100000021 0,9 0,237900028 1,100000032 0,900000002 0,258100006 1,11834697 0,900000002
-0,364759259499304 0,401599944708729 -0,840040574626884
0,258099996 1,118346955 0,899999999 0,258100006 1,11834697 0,900000002 0,237900028 1,100000032 0,900000002 0,337900024 1,400000018 0,999999997 0,358099994 1,418346949 0,999999997
-0,370278751682006 0,445075059521764 -0,81535381120377
0,598500004 1,999999992 1,199999992 0,49850002 1,733610683 1,100000008 0,498500016 1,733610677 1,100000007 0,458100005 1,700000019 1,100000007 -0,941899988 3,100000012 2,5 -0,701500004 3,3 2,5
0,370278751682006 -0,445075059521764 -0,81535381120377
0,9419 -3,100000002 2,5 0,701499996 -3,300000006 2,5 -0,598500011 -1,999999999 1,199999993 -0,498500019 -1,733610667 1,1 -0,4581 -1,700000002 1,1
0,35060171715781 -0,42142326402368 -0,836349728561935
-0,4581 -1,700000002 1,1 -0,498500019 -1,733610667 1,1 -0,49850001 -1,733610672 1,100000006 -0,3985 -1,451957599 0,999999995 -0,358099992 -1,418346943 0,999999995 -0,358099994 -1,418346943 0,999999994
0,329046364971498 -0,395513730695733 -0,857494827115701
-0,358099992 -1,418346943 0,999999995 -0,3985 -1,451957599 0,999999995 -0,398499984 -1,451957604 1,000000004 -0,298499986 -1,15195761 0,900000006 -0,2581 -1,118346973 0,900000006 -0,258100002 -1,118346972 0,900000005
0,305715042380186 -0,367469480940977 -0,878353285096293
-0,2581 -1,118346973 0,900000006 -0,298499986 -1,15195761 0,900000006 -0,298499984 -1,15195761 0,900000006 -0,208499979 -0,861957593 0,810000001 -0,168099992 -0,828346955 0,810000001 -0,168099995 -0,828346955 0,81
0,280279747356629 -0,336896256322662 -0,898857149772687
-0,168099992 -0,828346955 0,810000001 -0,208499979 -0,861957593 0,810000001 -0,208499982 -0,861957593 0,81 -0,128499977 -0,581957577 0,729999996 -0,088099999 -0,548346947 0,729999996 -0,088099989 -0,548346946 0,729999998
0,252639842568573 -0,303673090767419 -0,918670650391472
-0,088099999 -0,548346947 0,729999996 -0,128499977 -0,581957577 0,729999996 -0,128500004 -0,581957582 0,72999999 -0,058500013 -0,311957617 0,659999999 -0,0181 -0,278346958 0,659999999 -0,018100002 -0,278346958 0,659999999
0,222730522716559 -0,267722088305299 -0,937398526606404
-0,0181 -0,278346958 0,659999999 -0,058500013 -0,311957617 0,659999999 -0,058499997 -0,311957613 0,660000002 -0,026257911 -0,17224191 0,627757916 0,017647624 -0,038523646 0,6 0,041900004 -0,018346956 0,6 0,0419 -0,018346958 0,599999999
0,190537019948596 -0,229025497978209 -0,954590469942447
0,041900004 -0,018346956 0,6 0,017647624 -0,038523646 0,6 0,01764764 -0,03852364 0,600000001 0,022706624 -0,021569715 0,596942191 0,044957813 -0,003057911 0,596942191
0,188460738641787 -0,226529807847424 -0,955597612045573
0,0581591 0,04147339 0,588989321 0,044957813 -0,003057911 0,596942191 0,022706624 -0,021569715 0,596942191 0,022706613 -0,021569778 0,596942203 0,027362973 -0,005862691 0,594137066 0,04094466 0,028806242 0,588597149
-0,188460738641787 0,226529807847424 -0,955597612045573
-0,027362828 0,005863014 0,594137114 -0,040944635 -0,028806224 0,588597148 -0,058159098 -0,04147339 0,588989321 -0,044957758 0,003058095 0,596942223 -0,022706515 0,021569944 0,596942223
-0,190537019948596 0,229025497978209 -0,954590469942447
-0,022706679 0,021569528 0,596942156 -0,022706515 0,021569944 0,596942223 -0,044957758 0,003058095 0,596942223 -0,041899982 0,018346975 0,599999999 -0,041899994 0,01834696 0,599999998 -0,017647643 0,038523624 0,599999998
-0,222730522716559 0,267722088305299 -0,937398526606404
0,026257936 0,172242029 0,627757944 -0,017647646 0,038523621 0,599999998 -0,017647643 0,038523624 0,599999998 -0,041899994 0,01834696 0,599999998 0,018100007 0,278346964 0,659999999 0,0181 0,278346955 0,659999998 0,058499989 0,311957596 0,659999998
-0,252639842568573 0,303673090767419 -0,918670650391472
0,058499996 0,311957603 0,659999999 0,058499989 0,311957596 0,659999998 0,0181 0,278346955 0,659999998 0,088099999 0,548346951 0,729999997 0,0881 0,548346952 0,729999997 0,128499994 0,581957596 0,729999997
-0,280279747356629 0,336896256322662 -0,898857149772687
0,128499982 0,581957581 0,729999995 0,128499994 0,581957596 0,729999997 0,0881 0,548346952 0,729999997 0,168100001 0,828346957 0,809999999 0,168100003 0,82834696 0,809999999 0,208499985 0,861957594 0,809999999
-0,305715042380186 0,367469480940977 -0,878353285096293
0,208499982 0,86195759 0,809999998 0,208499985 0,861957594 0,809999999 0,168100003 0,82834696 0,809999999 0,258100006 1,11834697 0,900000002 0,258099996 1,118346955 0,899999999 0,298499983 1,151957593 0,899999999
-0,329046364971498 0,395513730695733 -0,857494827115701
0,298499993 1,151957606 0,900000002 0,298499983 1,151957593 0,899999999 0,258099996 1,118346955 0,899999999 0,358099994 1,418346949 0,999999997 0,358099996 1,418346951 0,999999998 0,398499989 1,451957594 0,999999998
-0,35060171715781 0,42142326402368 -0,836349728561935
0,398500013 1,451957627 1,000000004 0,398499989 1,451957594 0,999999998 0,358099996 1,418346951 0,999999998 0,458100005 1,700000019 1,100000007 0,498500016 1,733610677 1,100000007
-0,353517642929038 0,460633488736525 -0,814151131665562
0,759099982 2,299999964 1,299999986 0,659099986 2,046508033 1,19999999 0,659099993 2,046508042 1,199999992 0,598500004 1,999999992 1,199999992 -0,701500004 3,3 2,5 -0,440900032 3,499999978 2,5
0,353517642929038 -0,460633488736525 -0,814151131665562
0,701499996 -3,300000006 2,5 0,440900032 -3,499999978 2,5 -0,759099982 -2,299999964 1,299999986 -0,659099989 -2,04650804 1,199999993 -0,598500011 -1,999999999 1,199999993
0,337025006308426 -0,439143583219868 -0,832806735347176
-0,598500011 -1,999999999 1,199999993 -0,659099989 -2,04650804 1,199999993 -0,659099987 -2,046508041 1,199999994 -0,559099999 -1,780118721 1,100000006 -0,49850001 -1,733610672 1,100000006 -0,498500019 -1,733610667 1,1
0,319009145045024 -0,415668915993656 -0,851735004361275
-0,49850001 -1,733610672 1,100000006 -0,559099999 -1,780118721 1,100000006 -0,559099996 -1,780118722 1,100000007 -0,459099993 -1,498465669 1,000000004 -0,398499984 -1,451957604 1,000000004 -0,3985 -1,451957599 0,999999995
0,299340963027055 -0,390041274824243 -0,870782861445673
-0,398499984 -1,451957604 1,000000004 -0,459099993 -1,498465669 1,000000004 -0,459099987 -1,49846567 1,000000006 -0,359099988 -1,198465671 0,900000006 -0,298499984 -1,15195761 0,900000006 -0,298499986 -1,15195761 0,900000006
0,278115254769022 -0,362384176964027 -0,889567093226175
-0,298499984 -1,15195761 0,900000006 -0,359099988 -1,198465671 0,900000006 -0,359099999 -1,198465671 0,900000003 -0,269099996 -0,908465662 0,81 -0,208499982 -0,861957593 0,81 -0,208499979 -0,861957593 0,810000001
0,255030940256411 -0,332305315154095 -0,90803766278292
-0,208499982 -0,861957593 0,81 -0,269099996 -0,908465662 0,81 -0,189099986 -0,628465626 0,72999999 -0,128500004 -0,581957582 0,72999999 -0,128499977 -0,581957577 0,729999996
0,229989396874756 -0,2996761841278 -0,925904456189615
-0,128500004 -0,581957582 0,72999999 -0,189099986 -0,628465626 0,72999999 -0,189099987 -0,628465626 0,72999999 -0,119099999 -0,358465673 0,660000002 -0,058499997 -0,311957613 0,660000002 -0,058500013 -0,311957617 0,659999999
0,202917739545509 -0,264401814627792 -0,942823457174922
-0,058499997 -0,311957613 0,660000002 -0,119099999 -0,358465673 0,660000002 -0,119100005 -0,358465674 0,660000001 -0,115637728 -0,343462472 0,656537723 -0,070232778 -0,205990849 0,627757916 -0,026257911 -0,17224191 0,627757916
0,201036624198503 -0,261950721330642 -0,943910003827286
-0,026257911 -0,17224191 0,627757916 -0,070232778 -0,205990849 0,627757916 -0,070232805 -0,205990978 0,627757946 -0,061056389 -0,178043377 0,621956441 -0,011238504 -0,060692591 0,600000001 0,01764764 -0,03852364 0,600000001 0,017647624 -0,038523646 0,6
0,172202488621869 -0,22437984267429 -0,95916629898777
0,01764764 -0,03852364 0,600000001 -0,011238504 -0,060692591 0,600000001 -0,011238505 -0,060692592 0,600000001 -0,003815517 -0,041924444 0,596942203 0,022706613 -0,021569778 0,596942203 0,022706624 -0,021569715 0,596942191
0,170342192887477 -0,221955877332377 -0,960062042703439
0,022706613 -0,021569778 0,596942203 -0,003815517 -0,041924444 0,596942203 -0,003815474 -0,041924287 0,596942175 0,003027709 -0,024539026 0,594137066 0,027362973 -0,005862691 0,594137066
0,168508193763661 -0,219566176474045 -0,96093479632235
0,034521612 0,024312388 0,588497623 0,04094466 0,028806242 0,588597149 0,027362973 -0,005862691 0,594137066 0,003027709 -0,024539026 0,594137066 0,003027737 -0,024538923 0,594137047 0,009335979 -0,008436356 0,59156394 0,020288144 0,014089588 0,588337492
-0,168508193763661 0,219566176474045 -0,96093479632235
-0,009336028 0,00843632 0,59156394 -0,020288193 -0,014089622 0,588337493 -0,034521631 -0,024312401 0,588497623 -0,040944635 -0,028806224 0,588597148 -0,027362828 0,005863014 0,594137114 -0,003027623 0,024539303 0,594137114
-0,170342192887477 0,221955877332377 -0,960062042703439
-0,003027696 0,024539153 0,594137092 -0,003027623 0,024539303 0,594137114 -0,027362828 0,005863014 0,594137114 -0,022706515 0,021569944 0,596942223 -0,022706679 0,021569528 0,596942156 0,003815377 0,041924137 0,596942156
-0,172202488621869 0,22437984267429 -0,95916629898777
0,003815377 0,041924137 0,596942156 -0,022706679 0,021569528 0,596942156 -0,017647643 0,038523624 0,599999998 -0,017647646 0,038523621 0,599999998 0,01123847 0,060692551 0,599999998
-0,201036624198503 0,261950721330642 -0,943910003827286
0,061056446 0,178043483 0,621956459 0,01123852 0,060692602 0,600000001 0,01123847 0,060692551 0,599999998 -0,017647646 0,038523621 0,599999998 0,026257936 0,172242029 0,627757944 0,07023283 0,205990989 0,627757944
-0,202917739545509 0,264401814627792 -0,942823457174922
0,115637716 0,343462464 0,656537723 0,070232765 0,205990835 0,627757915 0,07023283 0,205990989 0,627757944 0,026257936 0,172242029 0,627757944 0,058499989 0,311957596 0,659999998 0,058499996 0,311957603 0,659999999 0,119099992 0,358465658 0,659999999
-0,229989396874756 0,2996761841278 -0,925904456189615
0,119100022 0,358465691 0,660000002 0,119099992 0,358465658 0,659999999 0,058499996 0,311957603 0,659999999 0,128499994 0,581957596 0,729999997 0,128499982 0,581957581 0,729999995 0,189100015 0,628465665 0,729999995
-0,255030940256411 0,332305315154095 -0,90803766278292
0,189099972 0,628465616 0,729999989 0,189100015 0,628465665 0,729999995 0,128499982 0,581957581 0,729999995 0,208499985 0,861957594 0,809999999 0,208499982 0,86195759 0,809999998 0,269099981 0,908465647 0,809999998
-0,278115254769022 0,362384176964027 -0,889567093226175
0,26909999 0,908465658 0,81 0,269099981 0,908465647 0,809999998 0,208499982 0,86195759 0,809999998 0,298499983 1,151957593 0,899999999 0,298499993 1,151957606 0,900000002 0,359099992 1,198465663 0,900000002
-0,299340963027055 0,390041274824243 -0,870782861445673
0,3591 1,198465673 0,900000003 0,359099992 1,198465663 0,900000002 0,298499993 1,151957606 0,900000002 0,398499989 1,451957594 0,999999998 0,398500013 1,451957627 1,000000004 0,459100001 1,498465676 1,000000004
-0,319009145045024 0,415668915993656 -0,851735004361275
0,459100006 1,498465682 1,000000005 0,459100001 1,498465676 1,000000004 0,398500013 1,451957627 1,000000004 0,498500016 1,733610677 1,100000007 0,49850002 1,733610683 1,100000008 0,559100009 1,780118733 1,100000008
-0,337025006308426 0,439143583219868 -0,832806735347176
0,559100009 1,780118733 1,100000008 0,49850002 1,733610683 1,100000008 0,598500004 1,999999992 1,199999992 0,659099993 2,046508042 1,199999992
-0,338053356905831 0,474626913095772 -0,812680270001602
0,939899988 2,599999985 1,399999996 0,839899978 2,357549818 1,299999986 0,759099982 2,299999964 1,299999986 -0,440900032 3,499999978 2,5 -0,160100017 3,699999989 2,5
0,338053356905831 -0,474626913095772 -0,812680270001602
0,440900032 -3,499999978 2,5 0,160100017 -3,699999989 2,5 -0,939899988 -2,599999985 1,399999996 -0,839899978 -2,357549818 1,299999986 -0,759099982 -2,299999964 1,299999986
0,324104679392042 -0,455042969866413 -0,829392580369113
-0,759099982 -2,299999964 1,299999986 -0,839899978 -2,357549818 1,299999986 -0,739899986 -2,104057897 1,199999994 -0,659099987 -2,046508041 1,199999994 -0,659099989 -2,04650804 1,199999993
0,308909880881299 -0,433709472757331 -0,846445969176096
-0,659099987 -2,046508041 1,199999994 -0,739899986 -2,104057897 1,199999994 -0,73989999 -2,104057895 1,199999992 -0,639900005 -1,837668586 1,100000007 -0,559099996 -1,780118722 1,100000007 -0,559099999 -1,780118721 1,100000006
0,292355835548172 -0,410467593109621 -0,86373862969519
-0,559099996 -1,780118722 1,100000007 -0,639900005 -1,837668586 1,100000007 -0,639900007 -1,837668586 1,100000007 -0,539900006 -1,556015541 1,000000006 -0,459099987 -1,49846567 1,000000006 -0,459099993 -1,498465669 1,000000004
0,274326381920185 -0,385154240215927 -0,881136338727596
-0,459099987 -1,49846567 1,000000006 -0,539900006 -1,556015541 1,000000006 -0,439900003 -1,256015531 0,900000003 -0,359099999 -1,198465671 0,900000003 -0,359099988 -1,198465671 0,900000006
0,254908093548932 -0,357890963342689 -0,898296121666398
-0,359099999 -1,198465671 0,900000003 -0,439900003 -1,256015531 0,900000003 -0,439900004 -1,256015531 0,900000002 -0,349900001 -0,966015523 0,81 -0,269099996 -0,908465662 0,81
0,233822274852443 -0,32828647389282 -0,915180383772427
-0,269099996 -0,908465662 0,81 -0,349900001 -0,966015523 0,81 -0,269899991 -0,686015487 0,72999999 -0,189099987 -0,628465626 0,72999999 -0,189099986 -0,628465626 0,72999999
0,210972222575739 -0,296205000496328 -0,931532779338668
-0,189099987 -0,628465626 0,72999999 -0,269899991 -0,686015487 0,72999999 -0,26989998 -0,686015484 0,729999991 -0,225426174 -0,514473662 0,685526185 -0,186550757 -0,406507521 0,660000001 -0,119100005 -0,358465674 0,660000001 -0,119099999 -0,358465673 0,660000002
0,186279915365978 -0,261537001173825 -0,947047089720594
-0,119100005 -0,358465674 0,660000001 -0,186550757 -0,406507521 0,660000001 -0,186550746 -0,406507518 0,660000002 -0,181100312 -0,390088244 0,656537723 -0,115637728 -0,343462472 0,656537723
0,184819302905696 -0,259486301279589 -0,94789698001507
-0,115637728 -0,343462472 0,656537723 -0,181100312 -0,390088244 0,656537723 -0,181100305 -0,390088208 0,656537715 -0,168366285 -0,351533681 0,64846629 -0,12174576 -0,242681116 0,627757946 -0,070232805 -0,205990978 0,627757946 -0,070232778 -0,205990849 0,627757916
0,183118644740667 -0,257098577215889 -0,948877169891819
-0,070232805 -0,205990978 0,627757946 -0,12174576 -0,242681116 0,627757946 -0,12174574 -0,242681052 0,627757933 -0,108633828 -0,211930441 0,621956441 -0,061056389 -0,178043377 0,621956441
0,181438449845981 -0,25473958358375 -0,949835687618161
-0,061056389 -0,178043377 0,621956441 -0,108633828 -0,211930441 0,621956441 -0,108633846 -0,211930501 0,621956454 -0,096515471 -0,183384511 0,616615473 -0,045409216 -0,085030705 0,600000001 -0,011238505 -0,060692592 0,600000001 -0,011238504 -0,060692591 0,600000001
0,155631546201012 -0,218506690866215 -0,963345030543978
-0,011238505 -0,060692592 0,600000001 -0,045409216 -0,085030705 0,600000001 -0,045409202 -0,085030701 0,600000003 -0,035210424 -0,064285363 0,596942175 -0,003815474 -0,041924287 0,596942175 -0,003815517 -0,041924444 0,596942203
0,153965615506492 -0,216167724171108 -0,964140085396511
-0,003815474 -0,041924287 0,596942175 -0,035210424 -0,064285363 0,596942175 -0,035210382 -0,06428525 0,596942156 -0,025799511 -0,045071151 0,594137047 0,003027737 -0,024538923 0,594137047 0,003027709 -0,024539026 0,594137066
0,15232308236145 -0,21386160763547 -0,96491496586978
0,003027737 -0,024538923 0,594137047 -0,025799511 -0,045071151 0,594137047 -0,025799521 -0,045071177 0,594137052 -0,017116206 -0,027276944 0,59156394 0,009335979 -0,008436356 0,59156394
0,150703556393177 -0,211587793176014 -0,965670256282833
0,020288144 0,014089588 0,588337492 0,009335979 -0,008436356 0,59156394 -0,017116206 -0,027276944 0,59156394 -0,009103412 -0,010796573 0,589203415 -0,004841085 -0,003448067 0,588258469 0,004841091 0,00344807 0,588258469
-0,150703556393177 0,211587793176014 -0,965670256282833
0,009103411 0,010796565 0,589203414 0,004841091 0,00344807 0,588258469 -0,004841085 -0,003448067 0,588258469 -0,020288193 -0,014089622 0,588337493 -0,009336028 0,00843632 0,59156394 0,01711621 0,027276946 0,59156394
-0,15232308236145 0,21386160763547 -0,96491496586978
0,01711621 0,027276946 0,59156394 -0,009336028 0,00843632 0,59156394 -0,003027623 0,024539303 0,594137114 -0,003027696 0,024539153 0,594137092 0,025799662 0,04507146 0,594137092
-0,153965615506492 0,216167724171108 -0,964140085396511
0,025799631 0,045071407 0,594137085 0,025799662 0,04507146 0,594137092 -0,003027696 0,024539153 0,594137092 0,003815377 0,041924137 0,596942156 0,035210375 0,064285247 0,596942156
-0,155631546201012 0,218506690866215 -0,963345030543978
0,035210375 0,064285247 0,596942156 0,003815377 0,041924137 0,596942156 0,01123847 0,060692551 0,599999998 0,01123852 0,060692602 0,600000001 0,04540921 0,0850307 0,600000001
-0,181438449845981 0,25473958358375 -0,949835687618161
0,096515538 0,183384666 0,616615502 0,04540919 0,085030682 0,6 0,04540921 0,0850307 0,600000001 0,01123852 0,060692602 0,600000001 0,061056446 0,178043483 0,621956459 0,108633859 0,211930529 0,621956459
-0,183118644740667 0,257098577215889 -0,948877169891819
0,108633859 0,211930529 0,621956459 0,061056446 0,178043483 0,621956459 0,07023283 0,205990989 0,627757944 0,070232765 0,205990835 0,627757915 0,121745692 0,242680954 0,627757915
-0,184819302905696 0,259486301279589 -0,94789698001507
0,168366288 0,351533683 0,64846629 0,121745695 0,24268096 0,627757916 0,121745692 0,242680954 0,627757915 0,070232765 0,205990835 0,627757915 0,115637716 0,343462464 0,656537723 0,181100321 0,39008825 0,656537723
-0,186279915365978 0,261537001173825 -0,947047089720594
0,181100325 0,390088259 0,656537725 0,181100321 0,39008825 0,656537723 0,115637716 0,343462464 0,656537723 0,119099992 0,358465658 0,659999999 0,119100022 0,358465691 0,660000002 0,186550756 0,406507524 0,660000002
-0,210972222575739 0,296205000496328 -0,931532779338668
0,225426151 0,514473605 0,685526172 0,186550756 0,406507524 0,660000002 0,119100022 0,358465691 0,660000002 0,189100015 0,628465665 0,729999995 0,189099972 0,628465616 0,729999989 0,269899969 0,686015471 0,729999989
-0,233822274852443 0,32828647389282 -0,915180383772427
0,269899983 0,686015486 0,729999991 0,269899969 0,686015471 0,729999989 0,189099972 0,628465616 0,729999989 0,269099981 0,908465647 0,809999998 0,26909999 0,908465658 0,81 0,349899992 0,966015517 0,81
-0,254908093548932 0,357890963342689 -0,898296121666398
0,349899992 0,966015517 0,81 0,26909999 0,908465658 0,81 0,359099992 1,198465663 0,900000002 0,3591 1,198465673 0,900000003 0,439899995 1,256015527 0,900000003
-0,274326381920185 0,385154240215927 -0,881136338727596
0,439899991 1,256015523 0,900000002 0,439899995 1,256015527 0,900000003 0,3591 1,198465673 0,900000003 0,459100001 1,498465676 1,000000004 0,459100006 1,498465682 1,000000005 0,539899994 1,556015531 1,000000005
-0,292355835548172 0,410467593109621 -0,86373862969519
0,539899998 1,556015536 1,000000006 0,539899994 1,556015531 1,000000005 0,459100006 1,498465682 1,000000005 0,559100009 1,780118733 1,100000008 0,6399 1,837668584 1,100000008
-0,308909880881299 0,433709472757331 -0,846445969176096
0,639899995 1,837668578 1,100000007 0,6399 1,837668584 1,100000008 0,559100009 1,780118733 1,100000008 0,659099993 2,046508042 1,199999992 0,659099986 2,046508033 1,19999999 0,739899978 2,104057885 1,19999999
-0,324104679392042 0,455042969866413 -0,829392580369113
0,739899983 2,104057891 1,199999992 0,739899978 2,104057885 1,19999999 0,659099986 2,046508033 1,19999999 0,759099982 2,299999964 1,299999986 0,839899978 2,357549818 1,299999986
-0,323761105689637 0,487260464062885 -0,811021569752522
1,1409 2,9 1,5 1,040900001 2,667109638 1,400000001 1,040899983 2,667109617 1,399999996 0,939899988 2,599999985 1,399999996 -0,160100017 3,699999989 2,5 0,1409 3,9 2,5
0,323761105689637 -0,487260464062885 -0,811021569752522
0,160100017 -3,699999989 2,5 -0,1409 -3,9 2,5 -1,1409 -2,9 1,5 -1,040899996 -2,667109625 1,399999996 -0,939899988 -2,599999985 1,399999996
0,311867740057923 -0,469360948787158 -0,826098548881901
-0,939899988 -2,599999985 1,399999996 -1,040899996 -2,667109625 1,399999996 -1,040899989 -2,66710963 1,400000001 -0,940899974 -2,42465945 1,299999986 -0,839899978 -2,357549818 1,299999986
0,298946615985215 -0,449914657057732 -0,841550784062146
-0,839899978 -2,357549818 1,299999986 -0,940899974 -2,42465945 1,299999986 -0,940899973 -2,424659451 1,299999986 -0,840899978 -2,171167522 1,199999992 -0,73989999 -2,104057895 1,199999992 -0,739899986 -2,104057897 1,199999994
0,284900662952966 -0,428775497744198 -0,857311603084419
-0,73989999 -2,104057895 1,199999992 -0,840899978 -2,171167522 1,199999992 -0,840899987 -2,17116752 1,199999987 -0,740900007 -1,90477822 1,100000007 -0,639900007 -1,837668586 1,100000007 -0,639900005 -1,837668586 1,100000007
0,26962742086179 -0,40578926839698 -0,873290400481571
-0,639900007 -1,837668586 1,100000007 -0,740900007 -1,90477822 1,100000007 -0,740899998 -1,904778221 1,10000001 -0,640899994 -1,623125168 1,000000006 -0,539900006 -1,556015541 1,000000006
0,253020674879402 -0,380796115693486 -0,889367672201056
-0,539900006 -1,556015541 1,000000006 -0,640899994 -1,623125168 1,000000006 -0,640899993 -1,623125168 1,000000006 -0,540899989 -1,323125156 0,900000002 -0,439900004 -1,256015531 0,900000002 -0,439900003 -1,256015531 0,900000003
0,235159098397354 -0,353914443088005 -0,905231884886216
-0,439900004 -1,256015531 0,900000002 -0,540899989 -1,323125156 0,900000002 -0,5409 -1,323125157 0,9 -0,4509 -1,033125157 0,81 -0,349900001 -0,966015523 0,81
0,215783098669223 -0,324753563497169 -0,920854373570869
-0,349900001 -0,966015523 0,81 -0,4509 -1,033125157 0,81 -0,370899991 -0,753125126 0,729999991 -0,26989998 -0,686015484 0,729999991 -0,269899991 -0,686015487 0,72999999
0,194798028413168 -0,293171032761807 -0,936004526525229
-0,26989998 -0,686015484 0,729999991 -0,370899991 -0,753125126 0,729999991 -0,353785988 -0,687113971 0,712885988 -0,312191299 -0,572124907 0,685526185 -0,225426174 -0,514473662 0,685526185
0,193470295822752 -0,291172795213231 -0,936903222303121
-0,225426174 -0,514473662 0,685526185 -0,312191299 -0,572124907 0,685526185 -0,312191334 -0,572125055 0,685526224 -0,295402319 -0,525498025 0,674502303 -0,26456938 -0,458347142 0,660000002 -0,186550746 -0,406507518 0,660000002 -0,186550757 -0,406507521 0,660000001
0,170967097737194 -0,257305482094468 -0,951085769200367
-0,186550746 -0,406507518 0,660000002 -0,26456938 -0,458347142 0,660000002 -0,264569405 -0,458347148 0,659999999 -0,256826104 -0,440404354 0,656537715 -0,181100305 -0,390088208 0,656537715 -0,181100312 -0,390088244 0,656537723
0,169635781634612 -0,255301851360082 -0,951863785570881
-0,181100305 -0,390088208 0,656537715 -0,256826104 -0,440404354 0,656537715 -0,256826055 -0,440404195 0,656537681 -0,238714942 -0,398276974 0,64846629 -0,168366285 -0,351533681 0,64846629
0,168318221049592 -0,253318922679626 -0,952627156801198
-0,168366285 -0,351533681 0,64846629 -0,238714942 -0,398276974 0,64846629 -0,238714963 -0,398277043 0,648466305 -0,221895024 -0,35900478 0,640995066 -0,181750768 -0,282551503 0,627757933 -0,12174574 -0,242681052 0,627757933 -0,12174576 -0,242681116 0,627757946
0,166781698665115 -0,251006456490989 -0,95350911049146
-0,12174574 -0,242681052 0,627757933 -0,181750768 -0,282551503 0,627757933 -0,164073673 -0,248767595 0,621956454 -0,108633846 -0,211930501 0,621956454 -0,108633828 -0,211930441 0,621956441
0,165263602615034 -0,248721721935616 -0,954371754971867
-0,108633846 -0,211930501 0,621956454 -0,164073673 -0,248767595 0,621956454 -0,164073709 -0,248767684 0,621956471 -0,147722926 -0,217409398 0,616615473 -0,096515471 -0,183384511 0,616615473
0,163763678730938 -0,246464336490052 -0,955215571673237
-0,096515471 -0,183384511 0,616615473 -0,147722926 -0,217409398 0,616615473 -0,132598189 -0,188301895 0,611698176 -0,085592112 -0,111730308 0,600000003 -0,045409202 -0,085030701 0,600000003 -0,045409216 -0,085030705 0,600000001
0,140674402240206 -0,211714975371502 -0,967154321583585
-0,045409202 -0,085030701 0,600000003 -0,085592112 -0,111730308 0,600000003 -0,08559213 -0,111730314 0,600000001 -0,072151308 -0,088830716 0,596942156 -0,035210382 -0,06428525 0,596942156 -0,035210424 -0,064285363 0,596942175
0,139182820797493 -0,209470145300219 -0,96785866769005
-0,035210382 -0,06428525 0,596942156 -0,072151308 -0,088830716 0,596942156 -0,059741459 -0,06762396 0,594137052 -0,025799521 -0,045071177 0,594137052 -0,025799511 -0,045071151 0,594137047
0,137712028323666 -0,207256602627109 -0,968545351505262
-0,025799521 -0,045071177 0,594137052 -0,059741459 -0,06762396 0,594137052 -0,0597415 -0,067624048 0,594137065 -0,048284114 -0,047986517 0,59156394 -0,017116206 -0,027276944 0,59156394
0,136261676982748 -0,205073823859028 -0,969214879246953
-0,017116206 -0,027276944 0,59156394 -0,048284114 -0,047986517 0,59156394 -0,037705207 -0,029801088 0,589203415 -0,009103412 -0,010796573 0,589203415
0,134831425031261 -0,20292129467204 -0,969867740979492
-0,009103412 -0,010796573 0,589203415 -0,037705207 -0,029801088 0,589203415 -0,037705181 -0,029801031 0,589203407 -0,034521631 -0,024312401 0,588497623 -0,020288193 -0,014089622 0,588337493 -0,004841085 -0,003448067 0,588258469
-0,134831425031261 0,20292129467204 -0,969867740979492
0,034521612 0,024312388 0,588497623 0,020288144 0,014089588 0,588337492 0,004841091 0,00344807 0,588258469 0,009103411 0,010796565 0,589203414 0,037705193 0,029801071 0,589203414
-0,136261676982748 0,205073823859028 -0,969214879246953
0,037705298 0,029801227 0,589203432 0,037705193 0,029801071 0,589203414 0,009103411 0,010796565 0,589203414 0,01711621 0,027276946 0,59156394 0,04828413 0,047986527 0,59156394
-0,137712028323666 0,207256602627109 -0,968545351505262
0,04828413 0,047986527 0,59156394 0,01711621 0,027276946 0,59156394 0,025799662 0,04507146 0,594137092 0,025799631 0,045071407 0,594137085 0,059741608 0,067624215 0,594137085
-0,139182820797493 0,209470145300219 -0,96785866769005
0,05974149 0,067624041 0,594137065 0,059741608 0,067624215 0,594137085 0,025799631 0,045071407 0,594137085 0,035210375 0,064285247 0,596942156 0,072151281 0,088830699 0,596942156
-0,140674402240206 0,211714975371502 -0,967154321583585
0,072151281 0,088830699 0,596942156 0,035210375 0,064285247 0,596942156 0,04540921 0,0850307 0,600000001 0,04540919 0,085030682 0,6 0,085592099 0,111730289 0,6
-0,163763678730938 0,246464336490052 -0,955215571673237
0,132598205 0,188301905 0,611698176 0,085592121 0,111730308 0,600000001 0,085592099 0,111730289 0,6 0,04540919 0,085030682 0,6 0,096515538 0,183384666 0,616615502 0,14772303 0,217409578 0,616615502
-0,165263602615034 0,248721721935616 -0,954371754971867
0,147722915 0,217409391 0,616615473 0,14772303 0,217409578 0,616615502 0,096515538 0,183384666 0,616615502 0,108633859 0,211930529 0,621956459 0,164073662 0,248767607 0,621956459
-0,166781698665115 0,251006456490989 -0,95350911049146
0,164073709 0,248767684 0,621956471 0,164073662 0,248767607 0,621956459 0,108633859 0,211930529 0,621956459 0,121745692 0,242680954 0,627757915 0,121745695 0,24268096 0,627757916 0,181750702 0,282551396 0,627757916
-0,168318221049592 0,253318922679626 -0,952627156801198
0,221895024 0,35900478 0,640995066 0,181750768 0,282551503 0,627757933 0,181750702 0,282551396 0,627757916 0,121745695 0,24268096 0,627757916 0,168366288 0,351533683 0,64846629 0,23871493 0,398276967 0,64846629
-0,169635781634612 0,255301851360082 -0,951863785570881
0,238714974 0,39827705 0,648466305 0,23871493 0,398276967 0,64846629 0,168366288 0,351533683 0,64846629 0,181100321 0,39008825 0,656537723 0,181100325 0,390088259 0,656537725 0,256826153 0,440404424 0,656537725
-0,170967097737194 0,257305482094468 -0,951085769200367
0,256826021 0,440404174 0,656537681 0,256826153 0,440404424 0,656537725 0,181100325 0,390088259 0,656537725 0,186550756 0,406507524 0,660000002 0,264569403 0,458347157 0,660000002
-0,193470295822752 0,291172795213231 -0,936903222303121
0,295402311 0,52549802 0,674502303 0,264569367 0,458347124 0,659999999 0,264569403 0,458347157 0,660000002 0,186550756 0,406507524 0,660000002 0,225426151 0,514473605 0,685526172 0,312191248 0,572124831 0,685526172
-0,194798028413168 0,293171032761807 -0,936004526525229
0,353785988 0,687113971 0,712885988 0,312191357 0,572125069 0,685526224 0,312191248 0,572124831 0,685526172 0,225426151 0,514473605 0,685526172 0,269899969 0,686015471 0,729999989 0,269899983 0,686015486 0,729999991 0,370899991 0,753125126 0,729999991
-0,215783098669223 0,324753563497169 -0,920854373570869
0,370899991 0,753125126 0,729999991 0,269899983 0,686015486 0,729999991 0,349899992 0,966015517 0,81 0,4509 1,033125157 0,81
-0,235159098397354 0,353914443088005 -0,905231884886216
0,4509 1,033125157 0,81 0,349899992 0,966015517 0,81 0,439899995 1,256015527 0,900000003 0,439899991 1,256015523 0,900000002 0,540900002 1,323125165 0,900000002
-0,253020674879402 0,380796115693486 -0,889367672201056
0,540899987 1,323125149 0,9 0,540900002 1,323125165 0,900000002 0,439899991 1,256015523 0,900000002 0,539899994 1,556015531 1,000000005 0,539899998 1,556015536 1,000000006 0,640899993 1,623125167 1,000000006
-0,26962742086179 0,40578926839698 -0,873290400481571
0,640899994 1,623125168 1,000000006 0,640899993 1,623125167 1,000000006 0,539899998 1,556015536 1,000000006 0,6399 1,837668584 1,100000008 0,639899995 1,837668578 1,100000007 0,740899995 1,904778212 1,100000007
-0,284900662952966 0,428775497744198 -0,857311603084419
0,74090001 1,904778229 1,10000001 0,740899995 1,904778212 1,100000007 0,639899995 1,837668578 1,100000007 0,739899978 2,104057885 1,19999999 0,739899983 2,104057891 1,199999992 0,840899992 2,171167531 1,199999992
-0,298946615985215 0,449914657057732 -0,841550784062146
0,840899974 2,171167512 1,199999987 0,840899992 2,171167531 1,199999992 0,739899983 2,104057891 1,199999992 0,839899978 2,357549818 1,299999986 0,940899973 2,42465945 1,299999986
-0,311867740057923 0,469360948787158 -0,826098548881901
0,940899974 2,424659451 1,299999986 0,940899973 2,42465945 1,299999986 0,839899978 2,357549818 1,299999986 0,939899988 2,599999985 1,399999996 1,040899983 2,667109617 1,399999996
-0,310527980120693 0,498707936073812 -0,809235916194505
1,3621 3,2 1,6 1,2621 2,975466999 1,5 1,1409 2,9 1,5 0,1409 3,9 2,5 0,4621 4,1 2,5
0,310527980120693 -0,498707936073812 -0,809235916194505
-0,1409 -3,9 2,5 -0,4621 -4,1 2,5 -1,3621 -3,2 1,6 -1,2621 -2,975466999 1,5 -1,1409 -2,9 1,5
0,300311977799542 -0,482301036346045 -0,822920668308712
-1,1409 -2,9 1,5 -1,2621 -2,975466999 1,5 -1,162100001 -2,742576636 1,400000001 -1,040899989 -2,66710963 1,400000001 -1,040899996 -2,667109625 1,399999996
0,289241869445991 -0,464522442330243 -0,836993453696584
-1,040899989 -2,66710963 1,400000001 -1,162100001 -2,742576636 1,400000001 -1,062099986 -2,500126457 1,299999986 -0,940899973 -2,424659451 1,299999986 -0,940899974 -2,42465945 1,299999986
0,277235261739373 -0,445239830353415 -0,851411829325364
-0,940899973 -2,424659451 1,299999986 -1,062099986 -2,500126457 1,299999986 -0,962099987 -2,246634519 1,199999987 -0,840899987 -2,17116752 1,199999987 -0,840899978 -2,171167522 1,199999992
0,264203638843009 -0,424311043981855 -0,866115797787537
-0,840899987 -2,17116752 1,199999987 -0,962099987 -2,246634519 1,199999987 -0,86210001 -1,980245228 1,10000001 -0,740899998 -1,904778221 1,10000001 -0,740900007 -1,90477822 1,100000007
0,250053015438249 -0,401585142793812 -0,881023758225346
-0,740899998 -1,904778221 1,10000001 -0,86210001 -1,980245228 1,10000001 -0,762100006 -1,698592174 1,000000006 -0,640899993 -1,623125168 1,000000006 -0,640899994 -1,623125168 1,000000006
0,234685148618322 -0,37690434868101 -0,896027897424706
-0,640899993 -1,623125168 1,000000006 -0,762100006 -1,698592174 1,000000006 -0,6621 -1,398592156 0,9 -0,5409 -1,323125157 0,9 -0,540899989 -1,323125156 0,900000002
0,218171490953172 -0,35038341447078 -0,910841733452672
-0,5409 -1,323125157 0,9 -0,6621 -1,398592156 0,9 -0,5721 -1,108592156 0,81 -0,4509 -1,033125157 0,81
0,200269033872204 -0,321632068398746 -0,925443205523407
-0,4509 -1,033125157 0,81 -0,5721 -1,108592156 0,81 -0,501301733 -0,860798222 0,739201733 -0,487684255 -0,8258426 0,729999991 -0,370899991 -0,753125126 0,729999991
0,180885340239506 -0,290501856424634 -0,939621820255511
-0,370899991 -0,753125126 0,729999991 -0,487684255 -0,8258426 0,729999991 -0,461705776 -0,754311846 0,712885988 -0,353785988 -0,687113971 0,712885988
0,179817798267853 -0,28878738401816 -0,940354936318223
-0,353785988 -0,687113971 0,712885988 -0,461705776 -0,754311846 0,712885988 -0,442070407 -0,700029612 0,699970401 -0,411527059 -0,633977934 0,685526224 -0,312191334 -0,572125055 0,685526224 -0,312191299 -0,572124907 0,685526185
0,178599453093148 -0,286830721667584 -0,941185620620333
-0,312191334 -0,572125055 0,685526224 -0,411527059 -0,633977934 0,685526224 -0,388152878 -0,583250553 0,674502303 -0,295402319 -0,525498025 0,674502303
0,177392028973498 -0,284891598531427 -0,942002571728376
-0,295402319 -0,525498025 0,674502303 -0,388152878 -0,583250553 0,674502303 -0,366344902 -0,535755084 0,664244901 -0,354380889 -0,514269616 0,659999999 -0,264569405 -0,458347148 0,659999999 -0,26456938 -0,458347142 0,660000002
0,156895955986531 -0,251974905314359 -0,9549305242199
-0,264569405 -0,458347148 0,659999999 -0,354380889 -0,514269616 0,659999999 -0,344005285 -0,494687652 0,656537681 -0,256826055 -0,440404195 0,656537681 -0,256826104 -0,440404354 0,656537715
0,155683083713517 -0,250027032443898 -0,955640759120679
-0,256826055 -0,440404195 0,656537681 -0,344005285 -0,494687652 0,656537681 -0,319721247 -0,448716822 0,648466305 -0,238714963 -0,398277043 0,648466305 -0,238714942 -0,398276974 0,64846629
0,154482694469286 -0,248099207317664 -0,956337743915744
-0,238714963 -0,398277043 0,648466305 -0,319721247 -0,448716822 0,648466305 -0,297153217 -0,405865424 0,640995066 -0,221895024 -0,35900478 0,640995066
0,153294638417963 -0,246191189299239 -0,957021761583159
-0,221895024 -0,35900478 0,640995066 -0,297153217 -0,405865424 0,640995066 -0,276179078 -0,365920938 0,634079071 -0,251305407 -0,325860743 0,627757933 -0,181750768 -0,282551503 0,627757933
0,151906932606984 -0,243962533766806 -0,957813429611434
-0,181750768 -0,282551503 0,627757933 -0,251305407 -0,325860743 0,627757933 -0,228356892 -0,288794572 0,621956471 -0,164073709 -0,248767684 0,621956471 -0,164073673 -0,248767595 0,621956454
0,150535791174312 -0,241760480625935 -0,958587943583186
-0,164073709 -0,248767684 0,621956471 -0,228356892 -0,288794572 0,621956471 -0,207118957 -0,254393228 0,616615473 -0,147722926 -0,217409398 0,616615473
0,149180983198614 -0,239584659016964 -0,959345727783066
-0,147722926 -0,217409398 0,616615473 -0,207118957 -0,254393228 0,616615473 -0,187463223 -0,222464432 0,611698176 -0,132598189 -0,188301895 0,611698176
0,147842280791155 -0,237434702950585 -0,960087194917856
-0,132598189 -0,188301895 0,611698176 -0,187463223 -0,222464432 0,611698176 -0,169270528 -0,192829039 0,607170649 -0,132600394 -0,141000715 0,600000001 -0,08559213 -0,111730314 0,600000001 -0,085592112 -0,111730308 0,600000003
0,127185952920635 -0,204260640390531 -0,970619041728999
-0,08559213 -0,111730314 0,600000001 -0,132600394 -0,141000715 0,600000001 -0,115390344 -0,115754151 0,596942156 -0,072151308 -0,088830716 0,596942156
0,12585040584695 -0,202115751790193 -0,971241935990432
-0,072151308 -0,088830716 0,596942156 -0,115390344 -0,115754151 0,596942156 -0,099493856 -0,092376448 0,594137065 -0,0597415 -0,067624048 0,594137065 -0,059741459 -0,06762396 0,594137052
0,124533313520319 -0,200000501513624 -0,971849398424441
-0,0597415 -0,067624048 0,594137065 -0,099493856 -0,092376448 0,594137065 -0,084811306 -0,070730721 0,59156394 -0,048284114 -0,047986517 0,59156394
0,123234367166901 -0,197914393670035 -0,972441866399836
-0,048284114 -0,047986517 0,59156394 -0,084811306 -0,070730721 0,59156394 -0,072652387 -0,052761662 0,589447681 -0,072652297 -0,052761587 0,589447677 -0,064950277 -0,046765599 0,589203407 -0,037705181 -0,029801031 0,589203407 -0,037705207 -0,029801088 0,589203415
0,121953263573842 -0,195856941299582 -0,973019763441864
-0,037705181 -0,029801031 0,589203407 -0,064950277 -0,046765599 0,589203407 -0,058159098 -0,04147339 0,588989321 -0,040944635 -0,028806224 0,588597148 -0,034521631 -0,024312401 0,588497623
-0,121953263573842 0,195856941299582 -0,973019763441864
0,0581591 0,04147339 0,588989321 0,04094466 0,028806242 0,588597149 0,034521612 0,024312388 0,588497623 0,037705193 0,029801071 0,589203414 0,037705298 0,029801227 0,589203432 0,064951064 0,046766212 0,589203432
-0,123234367166901 0,197914393670035 -0,972441866399836
0,072652323 0,052761609 0,589447678 0,072652287 0,052761579 0,589447677 0,064951064 0,046766212 0,589203432 0,037705298 0,029801227 0,589203432 0,04828413 0,047986527 0,59156394 0,084811256 0,070730691 0,59156394
-0,124533313520319 0,200000501513624 -0,971849398424441
0,084811256 0,070730691 0,59156394 0,04828413 0,047986527 0,59156394 0,059741608 0,067624215 0,594137085 0,05974149 0,067624041 0,594137065 0,099493807 0,092376418 0,594137065
-0,12585040584695 0,202115751790193 -0,971241935990432
0,099493807 0,092376418 0,594137065 0,05974149 0,067624041 0,594137065 0,072151281 0,088830699 0,596942156 0,115390295 0,11575412 0,596942156
-0,127185952920635 0,204260640390531 -0,970619041728999
0,115390295 0,11575412 0,596942156 0,072151281 0,088830699 0,596942156 0,085592099 0,111730289 0,6 0,085592121 0,111730308 0,600000001 0,132600345 0,141000684 0,600000001
-0,147842280791155 0,237434702950585 -0,960087194917856
0,169270709 0,192829334 0,607170694 0,132600345 0,141000684 0,600000001 0,085592121 0,111730308 0,600000001 0,132598205 0,188301905 0,611698176 0,187463223 0,222464432 0,611698176
-0,149180983198614 0,239584659016964 -0,959345727783066
0,187463223 0,222464432 0,611698176 0,132598205 0,188301905 0,611698176 0,14772303 0,217409578 0,616615502 0,147722915 0,217409391 0,616615473 0,207118957 0,254393228 0,616615473
-0,150535791174312 0,241760480625935 -0,958587943583186
0,207118957 0,254393228 0,616615473 0,147722915 0,217409391 0,616615473 0,164073662 0,248767607 0,621956459 0,164073709 0,248767684 0,621956471 0,228356892 0,288794572 0,621956471
-0,151906932606984 0,243962533766806 -0,957813429611434
0,228356892 0,288794572 0,621956471 0,164073709 0,248767684 0,621956471 0,181750702 0,282551396 0,627757916 0,181750768 0,282551503 0,627757933 0,251305407 0,325860743 0,627757933
-0,153294638417963 0,246191189299239 -0,957021761583159
0,276179078 0,365920938 0,634079071 0,251305407 0,325860743 0,627757933 0,181750768 0,282551503 0,627757933 0,221895024 0,35900478 0,640995066 0,297153217 0,405865424 0,640995066
-0,154482694469286 0,248099207317664 -0,956337743915744
0,297153217 0,405865424 0,640995066 0,221895024 0,35900478 0,640995066 0,23871493 0,398276967 0,64846629 0,238714974 0,39827705 0,648466305 0,319721247 0,448716822 0,648466305
-0,155683083713517 0,250027032443898 -0,955640759120679
0,319721247 0,448716822 0,648466305 0,238714974 0,39827705 0,648466305 0,256826153 0,440404424 0,656537725 0,256826021 0,440404174 0,656537681 0,344005285 0,494687652 0,656537681
-0,156895955986531 0,251974905314359 -0,9549305242199
0,344005285 0,494687652 0,656537681 0,256826021 0,440404174 0,656537681 0,264569403 0,458347157 0,660000002 0,264569367 0,458347124 0,659999999 0,354380889 0,514269616 0,659999999
-0,177392028973498 0,284891598531427 -0,942002571728376
0,366344902 0,535755084 0,664244901 0,354380889 0,514269616 0,659999999 0,264569367 0,458347124 0,659999999 0,295402311 0,52549802 0,674502303 0,388152878 0,583250553 0,674502303
-0,178599453093148 0,286830721667584 -0,941185620620333
0,388152878 0,583250553 0,674502303 0,295402311 0,52549802 0,674502303 0,312191248 0,572124831 0,685526172 0,312191357 0,572125069 0,685526224 0,411527059 0,633977934 0,685526224
-0,179817798267853 0,28878738401816 -0,940354936318223
0,442070407 0,700029612 0,699970401 0,411527059 0,633977934 0,685526224 0,312191357 0,572125069 0,685526224 0,353785988 0,687113971 0,712885988 0,461705776 0,754311846 0,712885988
-0,180885340239506 0,290501856424634 -0,939621820255511
0,461705776 0,754311846 0,712885988 0,353785988 0,687113971 0,712885988 0,370899991 0,753125126 0,729999991 0,487684255 0,8258426 0,729999991
-0,200269033872204 0,321632068398746 -0,925443205523407
0,501301733 0,860798222 0,739201733 0,487684255 0,8258426 0,729999991 0,370899991 0,753125126 0,729999991 0,4509 1,033125157 0,81 0,5721 1,108592156 0,81
-0,218171490953172 0,35038341447078 -0,910841733452672
0,5721 1,108592156 0,81 0,4509 1,033125157 0,81 0,540900002 1,323125165 0,900000002 0,540899987 1,323125149 0,9 0,6621 1,398592156 0,9
-0,234685148618322 0,37690434868101 -0,896027897424706
0,6621 1,398592156 0,9 0,540899987 1,323125149 0,9 0,640899993 1,623125167 1,000000006 0,640899994 1,623125168 1,000000006 0,762100006 1,698592174 1,000000006
-0,250053015438249 0,401585142793812 -0,881023758225346
0,762100006 1,698592174 1,000000006 0,640899994 1,623125168 1,000000006 0,740899995 1,904778212 1,100000007 0,74090001 1,904778229 1,10000001 0,86210001 1,980245228 1,10000001
-0,264203638843009 0,424311043981855 -0,866115797787537
0,86210001 1,980245228 1,10000001 0,74090001 1,904778229 1,10000001 0,840899992 2,171167531 1,199999992 0,840899974 2,171167512 1,199999987 0,962099987 2,246634519 1,199999987
-0,277235261739373 0,445239830353415 -0,851411829325364
0,962099987 2,246634519 1,199999987 0,840899974 2,171167512 1,199999987 0,940899973 2,42465945 1,299999986 0,940899974 2,424659451 1,299999986 1,062099986 2,500126457 1,299999986
-0,289241869445991 0,464522442330243 -0,836993453696584
1,062099986 2,500126457 1,299999986 0,940899974 2,424659451 1,299999986 1,040899983 2,667109617 1,399999996 1,040900001 2,667109638 1,400000001 1,162100001 2,742576636 1,400000001
-0,300311977799542 0,482301036346045 -0,822920668308712
1,162100001 2,742576636 1,400000001 1,040900001 2,667109638 1,400000001 1,1409 2,9 1,5 1,2621 2,975466999 1,5
