0 0,707106781186547 -0,707106781186547
-0,95 3,5 2,5 2,05 3,5 2,5 0,55 2 1
-0,707106781186547 0 -0,707106781186547
-0,15 -0,6 0,6 -0,21 -0,86 0,66 -0,28 -1,13 0,73 -0,36 -1,41 0,81 -0,45 -1,7 0,9 -0,55 -2 1 -2,05 -3,5 2,5 -2,05 1,50000003 2,5 -0,116666662 -0,433333308 0,566666662
0 0 1
-2,05 -3,5 2,5 0,95 -3,5 2,5 1,15 -3,3 2,5 1,33 -3,1 2,5 1,49 -2,9 2,5 1,63 -2,7 2,5 1,75 -2,5 2,5 1,850000006 -2,299999988 2,5 1,930000004 -2,099999992 2,5 1,989999999 -1,90000001 2,5 2,030000005 -1,69999998 2,5 2,05 -1,50000003 2,5 2,05 3,5 2,5 -0,95 3,5 2,5 -1,15 3,3 2,5 -1,33 3,1 2,5 -1,49 2,9 2,5 -1,63 2,7 2,5 -1,75 2,5 2,5 -1,850000006 2,299999988 2,5 -1,930000004 2,099999992 2,5 -1,989999999 1,90000001 2,5 -2,030000005 1,69999998 2,5 -2,05 1,50000003 2,5
0,707106781186547 0 -0,707106781186547
2,05 -1,50000003 2,5 0,116666662 0,433333308 0,566666662 0,15 0,6 0,6 0,21 0,86 0,66 0,28 1,13 0,73 0,36 1,41 0,81 0,45 1,7 0,9 0,55 2 1 2,05 3,5 2,5
0 -0,707106781186547 -0,707106781186547
0,95 -3,5 2,5 -2,05 -3,5 2,5 -0,55 -2 1
-0,671156055214024 0,0671156055214025 -0,738271660735427
-0,072857149 -0,257142877 0,542857144 -0,095454543 -0,354545439 0,554545451 -0,116666662 -0,433333308 0,566666662 -2,05 1,50000003 2,5 -2,030000005 1,69999998 2,5
0,671156055214024 -0,0671156055214025 -0,738271660735427
0,116666662 0,433333308 0,566666662 2,05 -1,50000003 2,5 2,030000005 -1,69999998 2,5 0,072857149 0,257142877 0,542857144 0,095454543 0,354545439 0,554545451
-0,635000635000952 0,127000127000191 -0,762000762001143
-0,020769228 -0,069230761 0,530769229 -0,036666664 -0,133333324 0,533333332 -0,072857149 -0,257142877 0,542857144 -2,030000005 1,69999998 2,5 -1,989999999 1,90000001 2,5
0,635000635000952 -0,127000127000191 -0,762000762001143
0,072857149 0,257142877 0,542857144 2,030000005 -1,69999998 2,5 1,989999999 -1,90000001 2,5 0,020769228 0,069230761 0,530769229 0,036666664 0,133333324 0,533333332
-0,599760143904067 0,17992804317122 -0,779688187075287
0,036666664 0,133333324 0,533333332 0,020769228 0,069230761 0,530769229 -0,020769228 -0,069230761 0,530769229 -1,989999999 1,90000001 2,5 -1,930000004 2,099999992 2,5
0,599760143904067 -0,17992804317122 -0,779688187075287
1,989999999 -1,90000001 2,5 1,930000004 -2,099999992 2,5 -0,036666664 -0,133333324 0,533333332 -0,020769228 -0,069230761 0,530769229 0,020769228 0,069230761 0,530769229
-0,566138517072298 0,226455406828919 -0,792593923901217
0,095454543 0,354545439 0,554545451 0,072857149 0,257142877 0,542857144 0,036666664 0,133333324 0,533333332 -1,930000004 2,099999992 2,5 -1,850000006 2,299999988 2,5
0,566138517072298 -0,226455406828919 -0,792593923901217
1,930000004 -2,099999992 2,5 1,850000006 -2,299999988 2,5 -0,095454543 -0,354545439 0,554545451 -0,072857149 -0,257142877 0,542857144 -0,036666664 -0,133333324 0,533333332
-0,534522483824849 0,267261241912425 -0,801783725737273
0,15 0,6 0,6 0,116666662 0,433333308 0,566666662 0,095454543 0,354545439 0,554545451 -1,850000006 2,299999988 2,5 -1,75 2,5 2,5
0,534522483824849 -0,267261241912425 -0,801783725737273
-0,095454543 -0,354545439 0,554545451 1,850000006 -2,299999988 2,5 1,75 -2,5 2,5 -0,15 -0,6 0,6 -0,116666662 -0,433333308 0,566666662
-0,505076272276105 0,303045763365663 -0,808122035641769
0,21 0,86 0,66 0,15 0,6 0,6 -1,75 2,5 2,5 -1,63 2,7 2,5
0,505076272276105 -0,303045763365663 -0,808122035641769
1,75 -2,5 2,5 1,63 -2,7 2,5 -0,21 -0,86 0,66 -0,15 -0,6 0,6
-0,477818482567496 0,334472937797248 -0,812291420364744
0,28 1,13 0,73 0,21 0,86 0,66 -1,63 2,7 2,5 -1,49 2,9 2,5
0,477818482567496 -0,334472937797248 -0,812291420364744
1,63 -2,7 2,5 1,49 -2,9 2,5 -0,28 -1,13 0,73 -0,21 -0,86 0,66
-0,452678730212593 0,362142984170074 -0,814821714382667
0,36 1,41 0,81 0,28 1,13 0,73 -1,49 2,9 2,5 -1,33 3,1 2,5
0,452678730212593 -0,362142984170074 -0,814821714382667
1,49 -2,9 2,5 1,33 -3,1 2,5 -0,36 -1,41 0,81 -0,28 -1,13 0,73
-0,429536779587558 0,386583101628802 -0,81611988121636
0,45 1,7 0,9 0,36 1,41 0,81 -1,33 3,1 2,5 -1,15 3,3 2,5
0,429536779587558 -0,386583101628802 -0,81611988121636
1,33 -3,1 2,5 1,15 -3,3 2,5 -0,45 -1,7 0,9 -0,36 -1,41 0,81
-0,408248290463863 0,408248290463863 -0,816496580927726
0,55 2 1 0,45 1,7 0,9 -1,15 3,3 2,5 -0,95 3,5 2,5
0,408248290463863 -0,408248290463863 -0,816496580927726
1,15 -3,3 2,5 0,95 -3,5 2,5 -0,55 -2 1 -0,45 -1,7 0,9
0,379642086548638 -0,379642086548638 -0,843649081219195
-0,45 -1,7 0,9 -0,36 -1,41 0,81
0,348155311911396 -0,348155311911396 -0,870388279778489
-0,36 -1,41 0,81 -0,28 -1,13 0,73
0,313677500463754 -0,313677500463755 -0,896221429896442
-0,28 -1,13 0,73 -0,21 -0,86 0,66
0,276172385369497 -0,276172385369497 -0,920574617898323
-0,21 -0,86 0,66 -0,15 -0,6 0,6
0,235702260395516 -0,235702260395516 -0,942809041582063
-0,15 -0,6 0,6 -0,116666662 -0,433333308 0,566666662
-0,235702260395516 0,235702260395516 -0,942809041582063
0,116666662 0,433333308 0,566666662 0,15 0,6 0,6
-0,276172385369497 0,276172385369497 -0,920574617898323
0,15 0,6 0,6 0,21 0,86 0,66
-0,313677500463754 0,313677500463755 -0,896221429896442
0,21 0,86 0,66 0,28 1,13 0,73
-0,348155311911396 0,348155311911396 -0,870388279778489
0,28 1,13 0,73 0,36 1,41 0,81
-0,379642086548638 0,379642086548638 -0,843649081219195
0,36 1,41 0,81 0,45 1,7 0,9
