0 0,707106781186547 -0,707106781186547
-2,27 2,7 2,5 2,33 2,7 2,5 0,03 0,4 0,2
-0,707106781186547 0 -0,707106781186547
-0,01 -0,18 0,18 -0,03 -0,4 0,2 -2,33 -2,7 2,5 -2,33 2,3 2,5 -0,002727273 -0,027272727 0,172727273
0 0 1
-2,33 -2,7 2,5 2,27 -2,7 2,5 2,31 -2,5 2,5 2,33 -2,3 2,5 2,33 2,7 2,5 -2,27 2,7 2,5 -2,31 2,5 2,5 -2,33 2,3 2,5
0,707106781186547 0 -0,707106781186547
2,33 -2,3 2,5 0,002727273 0,027272727 0,172727273 0,01 0,18 0,18 0,03 0,4 0,2 2,33 2,7 2,5
0 -0,707106781186547 -0,707106781186547
2,27 -2,7 2,5 -2,33 -2,7 2,5 -0,03 -0,4 0,2
-0,671156055214024 0,0671156055214025 -0,738271660735427
0,01 0,18 0,18 0,002727273 0,027272727 0,172727273 -0,002727273 -0,027272727 0,172727273 -2,33 2,3 2,5 -2,31 2,5 2,5
0,671156055214024 -0,0671156055214025 -0,738271660735427
2,33 -2,3 2,5 2,31 -2,5 2,5 -0,01 -0,18 0,18 -0,002727273 -0,027272727 0,172727273 0,002727273 0,027272727 0,172727273
-0,635000635000952 0,127000127000191 -0,762000762001143
0,03 0,4 0,2 0,01 0,18 0,18 -2,31 2,5 2,5 -2,27 2,7 2,5
0,635000635000952 -0,127000127000191 -0,762000762001143
2,31 -2,5 2,5 2,27 -2,7 2,5 -0,03 -0,4 0,2 -0,01 -0,18 0,18
