0 0,707106781186547 -0,707106781186547
-0,5197 3,7 2,5 2,0803 3,7 2,5 0,7803 2,4 1,2
-0,707106781186547 0 -0,707106781186547
-0,2403 -0,711957606 0,66 -0,3103 -0,981957606 0,73 -0,3903 -1,261957606 0,81 -0,4803 -1,551957606 0,9 -0,580300002 -1,851957611 1,000000002 -0,6803 -2,133610649 1,1 -0,7803 -2,4 1,2 -2,0803 -3,7 2,5 -2,0803 1,300000031 2,5 -0,208057943 -0,572242026 0,627757943
0 0 1
-2,0803 -3,7 2,5 0,5197 -3,7 2,5 0,7601 -3,5 2,5 0,9803 -3,3 2,5 1,1803 -3,1 2,5 1,3603 -2,9 2,5 1,5203 -2,7 2,5 1,6603 -2,5 2,5 1,7803 -2,3 2,5 1,880300007 -2,099999986 2,5 1,960300007 -1,899999986 2,5 2,020299998 -1,700000016 2,5 2,060300005 -1,499999981 2,5 2,0803 -1,300000031 2,5 2,0803 3,7 2,5 -0,5197 3,7 2,5 -0,7601 3,5 2,5 -0,9803 3,3 2,5 -1,1803 3,1 2,5 -1,3603 2,9 2,5 -1,5203 2,7 2,5 -1,6603 2,5 2,5 -1,7803 2,3 2,5 -1,880300007 2,099999986 2,5 -1,960300007 1,899999986 2,5 -2,020299998 1,700000016 2,5 -2,060300005 1,499999981 2,5 -2,0803 1,300000031 2,5
0,707106781186547 0 -0,707106781186547
2,0803 -1,300000031 2,5 0,208057943 0,572242026 0,627757943 0,2403 0,711957606 0,66 0,3103 0,981957606 0,73 0,3903 1,261957606 0,81 0,4803 1,551957606 0,9 0,580300002 1,851957611 1,000000002 0,6803 2,133610649 1,1 0,7803 2,4 1,2 2,0803 3,7 2,5
0 -0,707106781186547 -0,707106781186547
0,5197 -3,7 2,5 -2,0803 -3,7 2,5 -0,7803 -2,4 1,2
-0,671156055214024 0,0671156055214025 -0,738271660735427
-0,154437109 -0,405862915 0,594137104 -0,159093377 -0,421569692 0,596942186 -0,164152367 -0,438523635 0,6 -0,208057943 -0,572242026 0,627757943 -2,0803 1,300000031 2,5 -2,060300005 1,499999981 2,5
0,671156055214024 -0,0671156055214025 -0,738271660735427
0,208057943 0,572242026 0,627757943 2,0803 -1,300000031 2,5 2,060300005 -1,499999981 2,5 0,154437109 0,405862915 0,594137104 0,159093377 0,421569692 0,596942186 0,164152367 0,438523635 0,6
-0,635000635000952 0,127000127000191 -0,762000762001143
-0,086892112 -0,23340787 0,566592114 -0,087019874 -0,233759194 0,566640028 -0,08709043 -0,233952207 0,566666656 -0,087090486 -0,233952351 0,566666679 -0,154437109 -0,405862915 0,594137104 -2,060300005 1,499999981 2,5 -2,020299998 1,700000016 2,5
0,635000635000952 -0,127000127000191 -0,762000762001143
0,087019874 0,233759194 0,566640028 0,08709043 0,233952207 0,566666656 0,087090486 0,233952351 0,566666679 0,154437109 0,405862915 0,594137104 2,060300005 -1,499999981 2,5 2,020299998 -1,700000016 2,5 0,086892112 0,23340787 0,566592114
-0,599760143904067 0,17992804317122 -0,779688187075287
-0,017228577 -0,043071444 0,55692857 -0,058392303 -0,161307676 0,56130769 -0,085299996 -0,229799986 0,566199998 -0,086166536 -0,231821765 0,566400003 -0,086892112 -0,23340787 0,566592114 -2,020299998 1,700000016 2,5 -1,960300007 1,899999986 2,5
0,599760143904067 -0,17992804317122 -0,779688187075287
0,086166536 0,231821765 0,566400003 0,086892112 0,23340787 0,566592114 2,020299998 -1,700000016 2,5 1,960300007 -1,899999986 2,5 0,017228577 0,043071444 0,55692857 0,058392303 0,161307676 0,56130769 0,085299996 0,229799986 0,566199998
-0,566138517072298 0,226455406828919 -0,792593923901217
0,058392303 0,161307676 0,56130769 0,017228577 0,043071444 0,55692857 -0,017228577 -0,043071444 0,55692857 -1,960300007 1,899999986 2,5 -1,880300007 2,099999986 2,5
0,566138517072298 -0,226455406828919 -0,792593923901217
1,960300007 -1,899999986 2,5 1,880300007 -2,099999986 2,5 -0,058392303 -0,161307676 0,56130769 -0,017228577 -0,043071444 0,55692857 0,017228577 0,043071444 0,55692857
-0,534522483824849 0,267261241912425 -0,801783725737273
0,1197 0,4 0,6 0,086366695 0,233333474 0,566666695 0,086366654 0,233333277 0,566666656 0,085900011 0,23160003 0,566400003 0,085299996 0,229799986 0,566199998 0,058392303 0,161307676 0,56130769 -1,880300007 2,099999986 2,5 -1,7803 2,3 2,5
0,534522483824849 -0,267261241912425 -0,801783725737273
-0,085900011 -0,231600032 0,566400003 -0,085900011 -0,23160003 0,566400003 -0,085299996 -0,229799986 0,566199998 -0,058392303 -0,161307676 0,56130769 1,880300007 -2,099999986 2,5 1,7803 -2,3 2,5 -0,1197 -0,4 0,6 -0,086366695 -0,233333474 0,566666695 -0,086366654 -0,233333277 0,566666656
-0,505076272276105 0,303045763365663 -0,808122035641769
0,1797 0,66 0,66 0,1197 0,4 0,6 -1,7803 2,3 2,5 -1,6603 2,5 2,5
0,505076272276105 -0,303045763365663 -0,808122035641769
1,7803 -2,3 2,5 1,6603 -2,5 2,5 -0,1797 -0,66 0,66 -0,1197 -0,4 0,6
-0,477818482567496 0,334472937797248 -0,812291420364744
0,2497 0,93 0,73 0,1797 0,66 0,66 -1,6603 2,5 2,5 -1,5203 2,7 2,5
0,477818482567496 -0,334472937797248 -0,812291420364744
1,6603 -2,5 2,5 1,5203 -2,7 2,5 -0,2497 -0,93 0,73 -0,1797 -0,66 0,66
-0,452678730212593 0,362142984170074 -0,814821714382667
0,3297 1,21 0,81 0,2497 0,93 0,73 -1,5203 2,7 2,5 -1,3603 2,9 2,5
0,452678730212593 -0,362142984170074 -0,814821714382667
1,5203 -2,7 2,5 1,3603 -2,9 2,5 -0,3297 -1,21 0,81 -0,2497 -0,93 0,73
-0,429536779587558 0,386583101628802 -0,81611988121636
0,4197 1,5 0,9 0,3297 1,21 0,81 -1,3603 2,9 2,5 -1,1803 3,1 2,5
0,429536779587558 -0,386583101628802 -0,81611988121636
1,3603 -2,9 2,5 1,1803 -3,1 2,5 -0,4197 -1,5 0,9 -0,3297 -1,21 0,81
-0,408248290463863 0,408248290463863 -0,816496580927726
0,5197 1,8 1 0,4197 1,5 0,9 -1,1803 3,1 2,5 -0,9803 3,3 2,5
0,408248290463863 -0,408248290463863 -0,816496580927726
1,1803 -3,1 2,5 0,9803 -3,3 2,5 -0,5197 -1,8 1 -0,4197 -1,5 0,9
0,379642086548638 -0,379642086548638 -0,843649081219195
-0,4197 -1,5 0,9 -0,3297 -1,21 0,81
0,348155311911396 -0,348155311911396 -0,870388279778489
-0,3297 -1,21 0,81 -0,2497 -0,93 0,73
0,313677500463754 -0,313677500463755 -0,896221429896442
-0,2497 -0,93 0,73 -0,1797 -0,66 0,66
0,276172385369497 -0,276172385369497 -0,920574617898323
-0,1797 -0,66 0,66 -0,1197 -0,4 0,6
0,235702260395516 -0,235702260395516 -0,942809041582063
-0,1197 -0,4 0,6 -0,086366695 -0,233333474 0,566666695
-0,235702260395516 0,235702260395516 -0,942809041582063
0,086366695 0,233333474 0,566666695 0,1197 0,4 0,6
-0,276172385369497 0,276172385369497 -0,920574617898323
0,1197 0,4 0,6 0,1797 0,66 0,66
-0,313677500463754 0,313677500463755 -0,896221429896442
0,1797 0,66 0,66 0,2497 0,93 0,73
-0,348155311911396 0,348155311911396 -0,870388279778489
0,2497 0,93 0,73 0,3297 1,21 0,81
-0,379642086548638 0,379642086548638 -0,843649081219195
0,3297 1,21 0,81 0,4197 1,5 0,9
-0,388473242250517 0,427709039717815 -0,816182281968333
0,6399 2,1 1,1 0,539900002 1,818346962 1,000000002 0,539899996 1,818346954 1 0,5197 1,8 1 -0,9803 3,3 2,5 -0,7601 3,5 2,5
0,388473242250517 -0,427709039717815 -0,816182281968333
0,9803 -3,3 2,5 0,7601 -3,5 2,5 -0,6399 -2,1 1,1 -0,5399 -1,818346957 1 -0,5197 -1,8 1
0,364759259499304 -0,401599944708729 -0,840040574626884
-0,5197 -1,8 1 -0,5399 -1,818346957 1 -0,539899998 -1,818346959 1,000000002 -0,439899996 -1,518346954 0,9 -0,4197 -1,5 0,9
0,338977082635493 -0,373213767981674 -0,863600614194346
-0,4197 -1,5 0,9 -0,439899996 -1,518346954 0,9 -0,349899996 -1,228346954 0,81 -0,3297 -1,21 0,81
0,310764935529917 -0,342152194018435 -0,886767743534607
-0,3297 -1,21 0,81 -0,349899996 -1,228346954 0,81 -0,269899996 -0,948346954 0,73 -0,2497 -0,93 0,73
0,280019181298835 -0,308301118610015 -0,909142276196935
-0,2497 -0,93 0,73 -0,269899996 -0,948346954 0,73 -0,199899996 -0,678346954 0,66 -0,1797 -0,66 0,66
0,246687022485997 -0,27160241175708 -0,930256761794684
-0,1797 -0,66 0,66 -0,199899996 -0,678346954 0,66 -0,139899996 -0,418346954 0,6 -0,1197 -0,4 0,6
0,210784666061757 -0,232073917333992 -0,949584920608204
-0,1197 -0,4 0,6 -0,139899996 -0,418346954 0,6 -0,136842182 -0,403057882 0,596942186 -0,086586681 -0,23353328 0,566666695 -0,086366695 -0,233333474 0,566666695
0,207979630420216 -0,228985573092655 -0,950952196824687
-0,086366695 -0,233333474 0,566666695 -0,086586681 -0,23353328 0,566666695 -0,086586668 -0,233533201 0,566666679 -0,08658663 -0,233533073 0,566666656 -0,086366654 -0,233333277 0,566666656
0,178337164460701 -0,19634921807123 -0,964179879656765
-0,086366654 -0,233333277 0,566666656 -0,08658663 -0,233533073 0,566666656 -0,086586632 -0,233533074 0,566666656 -0,086540033 -0,233359992 0,566640028 -0,085900011 -0,231600032 0,566400003
-0,178337164460701 0,19634921807123 -0,964179879656765
0,086540033 0,233359992 0,566640028 0,085900011 0,23160003 0,566400003 0,086366654 0,233333277 0,566666656 0,086586632 0,233533076 0,566666656
-0,207979630420216 0,228985573092655 -0,950952196824687
0,08658663 0,233533072 0,566666656 0,086586632 0,233533076 0,566666656 0,086366654 0,233333277 0,566666656 0,086366695 0,233333474 0,566666695 0,086586694 0,233533291 0,566666695
-0,210784666061757 0,232073917333992 -0,949584920608204
0,136842182 0,403057882 0,596942186 0,086586655 0,233533191 0,566666679 0,086586694 0,233533291 0,566666695 0,086366695 0,233333474 0,566666695 0,1197 0,4 0,6 0,139899996 0,418346954 0,6
-0,246687022485997 0,27160241175708 -0,930256761794684
0,139899996 0,418346954 0,6 0,1197 0,4 0,6 0,1797 0,66 0,66 0,199899996 0,678346954 0,66
-0,280019181298835 0,308301118610015 -0,909142276196935
0,199899996 0,678346954 0,66 0,1797 0,66 0,66 0,2497 0,93 0,73 0,269899996 0,948346954 0,73
-0,310764935529917 0,342152194018435 -0,886767743534607
0,269899996 0,948346954 0,73 0,2497 0,93 0,73 0,3297 1,21 0,81 0,349899996 1,228346954 0,81
-0,338977082635493 0,373213767981674 -0,863600614194346
0,349899996 1,228346954 0,81 0,3297 1,21 0,81 0,4197 1,5 0,9 0,439899996 1,518346954 0,9
-0,364759259499304 0,401599944708729 -0,840040574626884
0,439899996 1,518346954 0,9 0,4197 1,5 0,9 0,5197 1,8 1 0,539899996 1,818346954 1
-0,370278751682006 0,445075059521764 -0,81535381120377
0,7803 2,4 1,2 0,6803 2,133610649 1,1 0,6399 2,1 1,1 -0,7601 3,5 2,5 -0,5197 3,7 2,5
0,370278751682006 -0,445075059521764 -0,81535381120377
0,7601 -3,5 2,5 0,5197 -3,7 2,5 -0,7803 -2,4 1,2 -0,6803 -2,133610649 1,1 -0,6399 -2,1 1,1
0,35060171715781 -0,42142326402368 -0,836349728561935
-0,6399 -2,1 1,1 -0,6803 -2,133610649 1,1 -0,580300002 -1,851957611 1,000000002 -0,539899998 -1,818346959 1,000000002 -0,5399 -1,818346957 1
0,329046364971498 -0,395513730695733 -0,857494827115701
-0,539899998 -1,818346959 1,000000002 -0,580300002 -1,851957611 1,000000002 -0,4803 -1,551957606 0,9 -0,439899996 -1,518346954 0,9
0,305715042380186 -0,367469480940977 -0,878353285096293
-0,439899996 -1,518346954 0,9 -0,4803 -1,551957606 0,9 -0,3903 -1,261957606 0,81 -0,349899996 -1,228346954 0,81
0,280279747356629 -0,336896256322662 -0,898857149772687
-0,349899996 -1,228346954 0,81 -0,3903 -1,261957606 0,81 -0,3103 -0,981957606 0,73 -0,269899996 -0,948346954 0,73
0,252639842568573 -0,303673090767419 -0,918670650391472
-0,269899996 -0,948346954 0,73 -0,3103 -0,981957606 0,73 -0,2403 -0,711957606 0,66 -0,199899996 -0,678346954 0,66
0,222730522716559 -0,267722088305299 -0,937398526606404
-0,199899996 -0,678346954 0,66 -0,2403 -0,711957606 0,66 -0,208057943 -0,572242026 0,627757943 -0,164152367 -0,438523635 0,6 -0,139899996 -0,418346954 0,6
0,190537019948596 -0,229025497978209 -0,954590469942447
-0,139899996 -0,418346954 0,6 -0,164152367 -0,438523635 0,6 -0,159093377 -0,421569692 0,596942186 -0,136842182 -0,403057882 0,596942186
0,188460738641787 -0,226529807847424 -0,955597612045573
-0,136842182 -0,403057882 0,596942186 -0,159093377 -0,421569692 0,596942186 -0,154437109 -0,405862915 0,594137104 -0,087090486 -0,233952351 0,566666679 -0,086586668 -0,233533201 0,566666679 -0,086586681 -0,23353328 0,566666695
0,185976442029125 -0,223543683319004 -0,956786802092483
-0,086586668 -0,233533201 0,566666679 -0,087090486 -0,233952351 0,566666679 -0,08709043 -0,233952207 0,566666656 -0,086586632 -0,233533074 0,566666656 -0,08658663 -0,233533073 0,566666656
0,159709418420253 -0,19197072094114 -0,968318203881969
-0,086586632 -0,233533074 0,566666656 -0,08709043 -0,233952207 0,566666656 -0,087019874 -0,233759194 0,566640028 -0,086540033 -0,233359992 0,566640028
0,157658682748236 -0,189505736663376 -0,969139471658111
-0,086540033 -0,233359992 0,566640028 -0,087019874 -0,233759194 0,566640028 -0,086892112 -0,23340787 0,566592114 -0,086166536 -0,231821765 0,566400003 -0,085900011 -0,23160003 0,566400003 -0,085900011 -0,231600032 0,566400003
0,125426066976139 -0,150762132505317 -0,980580991619431
-0,085900011 -0,23160003 0,566400003 -0,086166536 -0,231821765 0,566400003 -0,085299996 -0,229799986 0,566199998
-0,125426066976139 0,150762132505317 -0,980580991619431
0,085299996 0,229799986 0,566199998 0,085900011 0,23160003 0,566400003 0,086166536 0,231821765 0,566400003
-0,157658682748236 0,189505736663376 -0,969139471658111
0,086892112 0,23340787 0,566592114 0,086166536 0,231821765 0,566400003 0,085900011 0,23160003 0,566400003 0,086540033 0,233359992 0,566640028 0,087019874 0,233759194 0,566640028
-0,159709418420253 0,19197072094114 -0,968318203881969
0,087019874 0,233759194 0,566640028 0,086540033 0,233359992 0,566640028 0,086586632 0,233533076 0,566666656 0,08658663 0,233533072 0,566666656 0,08709043 0,233952207 0,566666656
-0,185976442029125 0,223543683319004 -0,956786802092483
0,08709043 0,233952207 0,566666656 0,08658663 0,233533072 0,566666656 0,086586694 0,233533291 0,566666695 0,086586655 0,233533191 0,566666679 0,087090486 0,233952351 0,566666679
-0,188460738641787 0,226529807847424 -0,955597612045573
0,154437109 0,405862915 0,594137104 0,087090486 0,233952351 0,566666679 0,086586655 0,233533191 0,566666679 0,136842182 0,403057882 0,596942186 0,159093377 0,421569692 0,596942186
-0,190537019948596 0,229025497978209 -0,954590469942447
0,159093377 0,421569692 0,596942186 0,136842182 0,403057882 0,596942186 0,139899996 0,418346954 0,6 0,164152367 0,438523635 0,6
-0,222730522716559 0,267722088305299 -0,937398526606404
0,208057943 0,572242026 0,627757943 0,164152367 0,438523635 0,6 0,139899996 0,418346954 0,6 0,199899996 0,678346954 0,66 0,2403 0,711957606 0,66
-0,252639842568573 0,303673090767419 -0,918670650391472
0,2403 0,711957606 0,66 0,199899996 0,678346954 0,66 0,269899996 0,948346954 0,73 0,3103 0,981957606 0,73
-0,280279747356629 0,336896256322662 -0,898857149772687
0,3103 0,981957606 0,73 0,269899996 0,948346954 0,73 0,349899996 1,228346954 0,81 0,3903 1,261957606 0,81
-0,305715042380186 0,367469480940977 -0,878353285096293
0,3903 1,261957606 0,81 0,349899996 1,228346954 0,81 0,439899996 1,518346954 0,9 0,4803 1,551957606 0,9
-0,329046364971498 0,395513730695733 -0,857494827115701
0,4803 1,551957606 0,9 0,439899996 1,518346954 0,9 0,539899996 1,818346954 1 0,539900002 1,818346962 1,000000002 0,580300002 1,851957611 1,000000002
-0,35060171715781 0,42142326402368 -0,836349728561935
0,580300002 1,851957611 1,000000002 0,539900002 1,818346962 1,000000002 0,6399 2,1 1,1 0,6803 2,133610649 1,1
