0 0,707106781186547 -0,707106781186547
-0,049 3,9 2,5 2,151 3,9 2,5 1,051 2,8 1,4
-0,707106781186547 0 -0,707106781186547
-0,380999995 -0,886015503 0,729999995 -0,461 -1,166015522 0,81 -0,551 -1,456015522 0,9 -0,651000002 -1,756015527 1,000000002 -0,75100001 -2,037668594 1,10000001 -0,850999999 -2,304057915 1,199999999 -0,950999989 -2,557549831 1,299999989 -1,051 -2,8 1,4 -2,151 -3,9 2,5 -2,151 1,100000041 2,5 -0,336526207 -0,714473752 0,685526207
0 0 1
-2,151 -3,9 2,5 0,049 -3,9 2,5 0,329800022 -3,699999984 2,5 0,590399992 -3,500000008 2,5 0,830800009 -3,299999993 2,5 1,050999986 -3,100000014 2,5 1,251 -2,9 2,5 1,431 -2,7 2,5 1,591 -2,5 2,5 1,731000003 -2,299999996 2,5 1,851000001 -2,099999999 2,5 1,951000011 -1,899999979 2,5 2,031000007 -1,699999988 2,5 2,090999999 -1,500000016 2,5 2,131000006 -1,299999981 2,5 2,151 -1,100000041 2,5 2,151 3,9 2,5 -0,049 3,9 2,5 -0,329800022 3,699999984 2,5 -0,590399992 3,500000008 2,5 -0,83080001 3,299999992 2,5 -1,050999985 3,100000015 2,5 -1,251 2,9 2,5 -1,431 2,7 2,5 -1,591 2,5 2,5 -1,731 2,3 2,5 -1,851000042 2,09999993 2,5 -1,950999985 1,900000044 2,5 -2,031000007 1,699999988 2,5 -2,090999999 1,500000016 2,5 -2,131000006 1,299999981 2,5 -2,151 1,100000041 2,5
0,707106781186547 0 -0,707106781186547
2,151 -1,100000041 2,5 0,336526207 0,714473752 0,685526207 0,380999995 0,886015503 0,729999995 0,461 1,166015522 0,81 0,551 1,456015522 0,9 0,651000002 1,756015527 1,000000002 0,75100001 2,037668594 1,10000001 0,850999999 2,304057915 1,199999999 0,950999989 2,557549831 1,299999989 1,051 2,8 1,4 2,151 3,9 2,5
0 -0,707106781186547 -0,707106781186547
0,049 -3,9 2,5 -2,151 -3,9 2,5 -1,051 -2,8 1,4
-0,671156055214024 0,0671156055214025 -0,738271660735427
-0,279466304 -0,551533721 0,648466298 -0,292200258 -0,590088051 0,656537681 -0,297650754 -0,60650751 0,659999999 -0,336526207 -0,714473752 0,685526207 -2,151 1,100000041 2,5 -2,131000006 1,299999981 2,5
0,671156055214024 -0,0671156055214025 -0,738271660735427
0,336526207 0,714473752 0,685526207 2,151 -1,100000041 2,5 2,131000006 -1,299999981 2,5 0,279466304 0,551533721 0,648466298 0,292200258 0,590088051 0,656537681 0,297650754 0,60650751 0,659999999
-0,635000635000952 0,127000127000191 -0,762000762001143
-0,207615472 -0,383384511 0,616615473 -0,219733886 -0,411930591 0,621956471 -0,232845731 -0,442681046 0,627757933 -0,279466304 -0,551533721 0,648466298 -2,131000006 1,299999981 2,5 -2,090999999 1,500000016 2,5
0,635000635000952 -0,127000127000191 -0,762000762001143
0,219733886 0,411930591 0,621956471 0,232845731 0,442681046 0,627757933 0,279466304 0,551533721 0,648466298 2,131000006 -1,299999981 2,5 2,090999999 -1,500000016 2,5 0,207615472 0,383384511 0,616615473
-0,599760143904067 0,17992804317122 -0,779688187075287
-0,120203426 -0,210796594 0,589203418 -0,128216073 -0,227276664 0,5915639 -0,136899633 -0,2450714 0,594137084 -0,146310501 -0,264285493 0,596942192 -0,156509222 -0,285030714 0,600000003 -0,207615472 -0,383384511 0,616615473 -2,090999999 1,500000016 2,5 -2,031000007 1,699999988 2,5
0,599760143904067 -0,17992804317122 -0,779688187075287
0,207615472 0,383384511 0,616615473 2,090999999 -1,500000016 2,5 2,031000007 -1,699999988 2,5 0,120203426 0,210796594 0,589203418 0,128216073 0,227276664 0,5915639 0,136899633 0,2450714 0,594137084 0,146310501 0,264285493 0,596942192 0,156509222 0,285030714 0,600000003
-0,566138517072298 0,226455406828919 -0,792593923901217
-0,017449967 -0,033549974 0,566449982 -0,017846401 -0,03426966 0,566527525 -0,01817396 -0,034862488 0,566592116 -0,018414893 -0,035297183 0,566640012 -0,018547837 -0,035536292 0,566666656 -0,018548025 -0,035536618 0,566666697 -0,120203426 -0,210796594 0,589203418 -2,031000007 1,699999988 2,5 -1,950999985 1,900000044 2,5
0,566138517072298 -0,226455406828919 -0,792593923901217
0,017846401 0,03426966 0,566527525 0,01817396 0,034862488 0,566592116 0,018414893 0,035297183 0,566640012 0,018547837 0,035536292 0,566666656 0,018548025 0,035536618 0,566666697 0,120203426 0,210796594 0,589203418 2,031000007 -1,699999988 2,5 1,951000011 -1,899999979 2,5 0,01745 0,033550032 0,566449989
-0,534522483824849 0,267261241912425 -0,801783725737273
0,048999973 0,199999915 0,599999985 0,015666644 0,03333327 0,566666656 0,015200002 0,031600028 0,566400003 0,014599989 0,029799991 0,566199999 0,013866652 0,027933314 0,566066665 0,012999972 0,025999951 0,565999998 -0,012999983 -0,025999959 0,565999998 -0,014177287 -0,028154565 0,566066665 -0,015544226 -0,030488444 0,566199998 -0,017114649 -0,033029272 0,566400004 -0,017449967 -0,033549974 0,566449982 -1,950999985 1,900000044 2,5 -1,851000042 2,09999993 2,5
0,534522483824849 -0,267261241912425 -0,801783725737273
-0,015200019 -0,03160006 0,566400007 -0,015200013 -0,031600037 0,566400003 -0,0146 -0,029799999 0,566199999 -0,0146 -0,029799998 0,566199999 -0,013866665 -0,027933328 0,566066666 -0,013866663 -0,027933322 0,566066665 -0,012999983 -0,025999959 0,565999998 0,012999972 0,025999951 0,565999998 0,014177277 0,028154558 0,566066665 0,015544216 0,030488436 0,566199998 0,017114639 0,033029265 0,566400004 0,01745 0,033550032 0,566449989 1,951000011 -1,899999979 2,5 1,851000001 -2,099999999 2,5 -0,048999999 -0,199999999 0,6 -0,015666673 -0,033333368 0,566666674 -0,015666653 -0,033333271 0,566666655
-0,505076272276105 0,303045763365663 -0,808122035641769
0,109 0,46 0,66 0,048999997 0,199999987 0,599999997 0,048999973 0,199999915 0,599999985 -1,851000042 2,09999993 2,5 -1,731 2,3 2,5
0,505076272276105 -0,303045763365663 -0,808122035641769
1,851000001 -2,099999999 2,5 1,731000003 -2,299999996 2,5 -0,108999999 -0,459999995 0,659999999 -0,108999999 -0,459999999 0,66 -0,048999999 -0,199999999 0,6
-0,477818482567496 0,334472937797248 -0,812291420364744
0,179 0,73 0,73 0,109 0,46 0,66 -1,731 2,3 2,5 -1,591 2,5 2,5
0,477818482567496 -0,334472937797248 -0,812291420364744
1,731000003 -2,299999996 2,5 1,591 -2,5 2,5 -0,179 -0,73 0,73 -0,108999999 -0,459999995 0,659999999
-0,452678730212593 0,362142984170074 -0,814821714382667
0,259 1,01 0,81 0,179 0,73 0,73 -1,591 2,5 2,5 -1,431 2,7 2,5
0,452678730212593 -0,362142984170074 -0,814821714382667
1,591 -2,5 2,5 1,431 -2,7 2,5 -0,259 -1,01 0,81 -0,179 -0,73 0,73
-0,429536779587558 0,386583101628802 -0,81611988121636
0,349 1,3 0,9 0,259 1,01 0,81 -1,431 2,7 2,5 -1,251 2,9 2,5
0,429536779587558 -0,386583101628802 -0,81611988121636
1,431 -2,7 2,5 1,251 -2,9 2,5 -0,349 -1,3 0,9 -0,259 -1,01 0,81
-0,408248290463863 0,408248290463863 -0,816496580927726
0,449000015 1,600000015 1 0,34900002 1,30000003 0,900000005 0,349000004 1,300000004 0,9 0,349 1,3 0,9 -1,251 2,9 2,5 -1,050999985 3,100000015 2,5
0,408248290463863 -0,408248290463863 -0,816496580927726
1,251 -2,9 2,5 1,050999986 -3,100000014 2,5 -0,449000014 -1,600000014 1 -0,349000014 -1,300000014 0,9 -0,349 -1,3 0,9
0,379642086548638 -0,379642086548638 -0,843649081219195
-0,349 -1,3 0,9 -0,349000014 -1,300000014 0,9 -0,349000008 -1,300000018 0,900000004 -0,259000004 -1,010000004 0,81 -0,259 -1,01 0,81
0,348155311911396 -0,348155311911396 -0,870388279778489
-0,259 -1,01 0,81 -0,259000004 -1,010000004 0,81 -0,179000004 -0,730000004 0,73 -0,179 -0,73 0,73
0,313677500463754 -0,313677500463755 -0,896221429896442
-0,179 -0,73 0,73 -0,179000004 -0,730000004 0,73 -0,109000004 -0,460000004 0,66 -0,108999999 -0,459999999 0,66 -0,108999999 -0,459999995 0,659999999
0,276172385369497 -0,276172385369497 -0,920574617898323
-0,108999999 -0,459999999 0,66 -0,109000004 -0,460000004 0,66 -0,109000012 -0,460000006 0,659999998 -0,049000014 -0,200000014 0,6 -0,048999999 -0,199999999 0,6
0,235702260395516 -0,235702260395516 -0,942809041582063
-0,048999999 -0,199999999 0,6 -0,049000014 -0,200000014 0,6 -0,015666711 -0,033333499 0,566666697 -0,015666673 -0,033333368 0,566666674
-0,235702260395516 0,235702260395516 -0,942809041582063
0,015666673 0,033333354 0,56666667 0,015666652 0,033333281 0,566666657 0,015666644 0,03333327 0,566666656 0,048999973 0,199999915 0,599999985 0,048999997 0,199999987 0,599999997 0,049000001 0,199999991 0,599999997
-0,276172385369497 0,276172385369497 -0,920574617898323
0,049000014 0,20000001 0,599999999 0,049000001 0,199999991 0,599999997 0,048999997 0,199999987 0,599999997 0,109 0,46 0,66 0,109000015 0,460000015 0,66
-0,313677500463754 0,313677500463755 -0,896221429896442
0,109000002 0,459999996 0,659999998 0,109000015 0,460000015 0,66 0,109 0,46 0,66 0,179 0,73 0,73 0,179000005 0,730000005 0,73
-0,348155311911396 0,348155311911396 -0,870388279778489
0,179000004 0,730000004 0,73 0,179000005 0,730000005 0,73 0,179 0,73 0,73 0,259 1,01 0,81 0,259000004 1,010000004 0,81
-0,379642086548638 0,379642086548638 -0,843649081219195
0,259000004 1,010000004 0,81 0,259 1,01 0,81 0,349 1,3 0,9 0,349000004 1,300000004 0,9
-0,388473242250517 0,427709039717815 -0,816182281968333
0,569199994 1,899999989 1,099999997 0,469199997 1,618346956 1 0,449000015 1,600000015 1 -1,050999985 3,100000015 2,5 -0,83080001 3,299999992 2,5
0,388473242250517 -0,427709039717815 -0,816182281968333
1,050999986 -3,100000014 2,5 0,830800009 -3,299999993 2,5 -0,569199994 -1,899999991 1,099999998 -0,469199996 -1,618346955 1 -0,449000014 -1,600000014 1
0,364759259499304 -0,401599944708729 -0,840040574626884
-0,449000014 -1,600000014 1 -0,469199996 -1,618346955 1 -0,3692 -1,318346968 0,900000004 -0,349000008 -1,300000018 0,900000004 -0,349000014 -1,300000014 0,9
0,338977082635493 -0,373213767981674 -0,863600614194346
-0,349000008 -1,300000018 0,900000004 -0,3692 -1,318346968 0,900000004 -0,369200001 -1,318346968 0,900000004 -0,279199996 -1,028346954 0,81 -0,259000004 -1,010000004 0,81
0,310764935529917 -0,342152194018435 -0,886767743534607
-0,259000004 -1,010000004 0,81 -0,279199996 -1,028346954 0,81 -0,199199996 -0,748346954 0,73 -0,179000004 -0,730000004 0,73
0,280019181298835 -0,308301118610015 -0,909142276196935
-0,179000004 -0,730000004 0,73 -0,199199996 -0,748346954 0,73 -0,199200002 -0,748346955 0,729999999 -0,129200001 -0,478346953 0,659999998 -0,109000012 -0,460000006 0,659999998 -0,109000004 -0,460000004 0,66
0,246687022485997 -0,27160241175708 -0,930256761794684
-0,109000012 -0,460000006 0,659999998 -0,129200001 -0,478346953 0,659999998 -0,129199996 -0,478346952 0,659999999 -0,069199997 -0,218346956 0,6 -0,049000014 -0,200000014 0,6
0,210784666061757 -0,232073917333992 -0,949584920608204
-0,049000014 -0,200000014 0,6 -0,069199997 -0,218346956 0,6 -0,069199996 -0,218346956 0,6 -0,066142184 -0,203057895 0,596942188 -0,015886684 -0,033533292 0,566666697 -0,015666711 -0,033333499 0,566666697
0,207979630420216 -0,228985573092655 -0,950952196824687
-0,015666711 -0,033333499 0,566666697 -0,015886684 -0,033533292 0,566666697 -0,015886665 -0,033533184 0,566666675 -0,015886631 -0,03353307 0,566666655 -0,015666653 -0,033333271 0,566666655 -0,015666673 -0,033333368 0,566666674
0,178337164460701 -0,19634921807123 -0,964179879656765
-0,015666653 -0,033333271 0,566666655 -0,015886631 -0,03353307 0,566666655 -0,015886616 -0,033533065 0,566666657 -0,015839988 -0,033359874 0,566640012 -0,015200019 -0,03160006 0,566400007
-0,178337164460701 0,19634921807123 -0,964179879656765
0,015839993 0,033359884 0,566640013 0,015200014 0,031600042 0,566400004 0,015200002 0,031600028 0,566400003 0,015666644 0,03333327 0,566666656 0,015666652 0,033333281 0,566666657 0,01588662 0,03353307 0,566666657
-0,207979630420216 0,228985573092655 -0,950952196824687
0,015886621 0,033533072 0,566666657 0,01588662 0,03353307 0,566666657 0,015666652 0,033333281 0,566666657 0,015666673 0,033333354 0,56666667 0,015886643 0,033533145 0,56666667
-0,210784666061757 0,232073917333992 -0,949584920608204
0,066142182 0,203057862 0,59694218 0,015886665 0,033533202 0,566666679 0,015886643 0,033533145 0,56666667 0,015666673 0,033333354 0,56666667 0,049000001 0,199999991 0,599999997 0,049000014 0,20000001 0,599999999 0,069200001 0,218346955 0,599999999
-0,246687022485997 0,27160241175708 -0,930256761794684
0,069199999 0,218346952 0,599999998 0,069200001 0,218346955 0,599999999 0,049000014 0,20000001 0,599999999 0,109000015 0,460000015 0,66 0,109000002 0,459999996 0,659999998 0,129199998 0,47834695 0,659999998
-0,280019181298835 0,308301118610015 -0,909142276196935
0,129200006 0,47834696 0,659999999 0,129199998 0,47834695 0,659999998 0,109000002 0,459999996 0,659999998 0,179000005 0,730000005 0,73 0,179000004 0,730000004 0,73 0,199200007 0,748346964 0,73
-0,310764935529917 0,342152194018435 -0,886767743534607
0,199199994 0,748346946 0,729999998 0,199200007 0,748346964 0,73 0,179000004 0,730000004 0,73 0,259000004 1,010000004 0,81 0,279199996 1,028346954 0,81
-0,338977082635493 0,373213767981674 -0,863600614194346
0,279199996 1,028346954 0,81 0,259000004 1,010000004 0,81 0,349000004 1,300000004 0,9 0,34900002 1,30000003 0,900000005 0,369200001 1,31834697 0,900000005
-0,364759259499304 0,401599944708729 -0,840040574626884
0,369200002 1,318346971 0,900000005 0,369200001 1,31834697 0,900000005 0,34900002 1,30000003 0,900000005 0,449000015 1,600000015 1 0,469199997 1,618346956 1
-0,370278751682006 0,445075059521764 -0,81535381120377
0,709600009 2,200000007 1,199999999 0,609600019 1,93361068 1,100000008 0,609599979 1,933610626 1,099999997 0,569199994 1,899999989 1,099999997 -0,83080001 3,299999992 2,5 -0,590399992 3,500000008 2,5
0,370278751682006 -0,445075059521764 -0,81535381120377
0,830800009 -3,299999993 2,5 0,590399992 -3,500000008 2,5 -0,709600009 -2,200000007 1,199999999 -0,609600008 -1,933610652 1,099999998 -0,569199994 -1,899999991 1,099999998
0,35060171715781 -0,42142326402368 -0,836349728561935
-0,569199994 -1,899999991 1,099999998 -0,609600008 -1,933610652 1,099999998 -0,6096 -1,933610657 1,100000004 -0,509599996 -1,651957604 1 -0,469199996 -1,618346955 1
0,329046364971498 -0,395513730695733 -0,857494827115701
-0,469199996 -1,618346955 1 -0,509599996 -1,651957604 1 -0,4096 -1,351957616 0,900000004 -0,369200001 -1,318346968 0,900000004 -0,3692 -1,318346968 0,900000004
0,305715042380186 -0,367469480940977 -0,878353285096293
-0,369200001 -1,318346968 0,900000004 -0,4096 -1,351957616 0,900000004 -0,319599996 -1,061957603 0,81 -0,279199996 -1,028346954 0,81
0,280279747356629 -0,336896256322662 -0,898857149772687
-0,279199996 -1,028346954 0,81 -0,319599996 -1,061957603 0,81 -0,239599995 -0,781957598 0,729999999 -0,199200002 -0,748346955 0,729999999 -0,199199996 -0,748346954 0,73
0,252639842568573 -0,303673090767419 -0,918670650391472
-0,199200002 -0,748346955 0,729999999 -0,239599995 -0,781957598 0,729999999 -0,239600006 -0,7819576 0,729999996 -0,169600009 -0,511957612 0,659999999 -0,129199996 -0,478346952 0,659999999 -0,129200001 -0,478346953 0,659999998
0,222730522716559 -0,267722088305299 -0,937398526606404
-0,129199996 -0,478346952 0,659999999 -0,169600009 -0,511957612 0,659999999 -0,137357944 -0,372241996 0,627757934 -0,093452383 -0,23852365 0,6 -0,069199996 -0,218346956 0,6 -0,069199997 -0,218346956 0,6
0,190537019948596 -0,229025497978209 -0,954590469942447
-0,069199996 -0,218346956 0,6 -0,093452383 -0,23852365 0,6 -0,093452365 -0,238523644 0,600000002 -0,088393375 -0,221569701 0,596942188 -0,066142184 -0,203057895 0,596942188
0,188460738641787 -0,226529807847424 -0,955597612045573
-0,066142184 -0,203057895 0,596942188 -0,088393375 -0,221569701 0,596942188 -0,088393387 -0,221569769 0,596942202 -0,083737063 -0,205862801 0,594137086 -0,016390475 -0,033952328 0,566666675 -0,015886665 -0,033533184 0,566666675 -0,015886684 -0,033533292 0,566666697
0,185976442029125 -0,223543683319004 -0,956786802092483
-0,015886665 -0,033533184 0,566666675 -0,016390475 -0,033952328 0,566666675 -0,016390491 -0,033952386 0,566666686 -0,01639042 -0,033952203 0,566666657 -0,015886616 -0,033533065 0,566666657 -0,015886631 -0,03353307 0,566666655
0,159709418420253 -0,19197072094114 -0,968318203881969
-0,015886616 -0,033533065 0,566666657 -0,01639042 -0,033952203 0,566666657 -0,016390423 -0,033952204 0,566666656 -0,016319823 -0,033759071 0,566640012 -0,015839988 -0,033359874 0,566640012
0,157658682748236 -0,189505736663376 -0,969139471658111
-0,015839988 -0,033359874 0,566640012 -0,016319823 -0,033759071 0,566640012 -0,016319823 -0,033759072 0,566640012 -0,01619211 -0,033407881 0,566592116 -0,015466528 -0,031821764 0,566400003 -0,015200013 -0,031600037 0,566400003 -0,015200019 -0,03160006 0,566400007
0,125426066976139 -0,150762132505317 -0,980580991619431
-0,015200013 -0,031600037 0,566400003 -0,015466528 -0,031821764 0,566400003 -0,015466535 -0,031821767 0,566400003 -0,0146 -0,029799999 0,566199999
-0,125426066976139 0,150762132505317 -0,980580991619431
0,014599939 0,029799942 0,566199998 0,014599989 0,029799991 0,566199999 0,015200002 0,031600028 0,566400003 0,015200014 0,031600042 0,566400004 0,015466483 0,03182173 0,566400004
-0,157658682748236 0,189505736663376 -0,969139471658111
0,016192087 0,033407863 0,566592116 0,015466511 0,031821759 0,566400005 0,015466483 0,03182173 0,566400004 0,015200014 0,031600042 0,566400004 0,015839993 0,033359884 0,566640013 0,016319802 0,03375906 0,566640013
-0,159709418420253 0,19197072094114 -0,968318203881969
0,016319909 0,033759293 0,566640041 0,016319802 0,03375906 0,566640013 0,015839993 0,033359884 0,566640013 0,01588662 0,03353307 0,566666657 0,015886621 0,033533072 0,566666657 0,016390432 0,033952216 0,566666657
-0,185976442029125 0,223543683319004 -0,956786802092483
0,016390378 0,033952155 0,566666653 0,016390432 0,033952216 0,566666657 0,015886621 0,033533072 0,566666657 0,015886643 0,033533145 0,56666667 0,015886665 0,033533202 0,566666679 0,016390441 0,033952317 0,566666679
-0,188460738641787 0,226529807847424 -0,955597612045573
0,08373713 0,205863025 0,594137125 0,01639049 0,033952417 0,566666693 0,016390441 0,033952317 0,566666679 0,015886665 0,033533202 0,566666679 0,066142182 0,203057862 0,59694218 0,088393353 0,221569651 0,59694218
-0,190537019948596 0,229025497978209 -0,954590469942447
0,088393353 0,221569651 0,59694218 0,066142182 0,203057862 0,59694218 0,069200001 0,218346955 0,599999999 0,069199999 0,218346952 0,599999998 0,09345235 0,238523617 0,599999998
-0,222730522716559 0,267722088305299 -0,937398526606404
0,137357939 0,372241992 0,627757934 0,093452379 0,238523649 0,600000001 0,09345235 0,238523617 0,599999998 0,069199999 0,218346952 0,599999998 0,129199998 0,47834695 0,659999998 0,129200006 0,47834696 0,659999999 0,169600004 0,511957608 0,659999999
-0,252639842568573 0,303673090767419 -0,918670650391472
0,169600004 0,511957608 0,659999999 0,129200006 0,47834696 0,659999999 0,199200007 0,748346964 0,73 0,199199994 0,748346946 0,729999998 0,239600003 0,781957602 0,729999998
-0,280279747356629 0,336896256322662 -0,898857149772687
0,239599992 0,781957589 0,729999996 0,239600003 0,781957602 0,729999998 0,199199994 0,748346946 0,729999998 0,279199996 1,028346954 0,81 0,319599996 1,061957603 0,81
-0,305715042380186 0,367469480940977 -0,878353285096293
0,319599996 1,061957603 0,81 0,279199996 1,028346954 0,81 0,369200001 1,31834697 0,900000005 0,369200002 1,318346971 0,900000005 0,409600001 1,351957619 0,900000005
-0,329046364971498 0,395513730695733 -0,857494827115701
0,409599984 1,351957596 0,900000001 0,409600001 1,351957619 0,900000005 0,369200002 1,318346971 0,900000005 0,469199997 1,618346956 1 0,509599983 1,651957593 1
-0,35060171715781 0,42142326402368 -0,836349728561935
0,509599983 1,651957593 1 0,469199997 1,618346956 1 0,569199994 1,899999989 1,099999997 0,609599979 1,933610626 1,099999997
-0,353517642929038 0,460633488736525 -0,814151131665562
0,870199989 2,499999973 1,299999989 0,770199999 2,246508057 1,199999999 0,709600009 2,200000007 1,199999999 -0,590399992 3,500000008 2,5 -0,329800022 3,699999984 2,5
0,353517642929038 -0,460633488736525 -0,814151131665562
0,590399992 -3,500000008 2,5 0,329800022 -3,699999984 2,5 -0,870199989 -2,499999973 1,299999989 -0,770199999 -2,246508057 1,199999999 -0,709600009 -2,200000007 1,199999999
0,337025006308426 -0,439143583219868 -0,832806735347176
-0,709600009 -2,200000007 1,199999999 -0,770199999 -2,246508057 1,199999999 -0,670200004 -1,980118718 1,100000004 -0,6096 -1,933610657 1,100000004 -0,609600008 -1,933610652 1,099999998
0,319009145045024 -0,415668915993656 -0,851735004361275
-0,6096 -1,933610657 1,100000004 -0,670200004 -1,980118718 1,100000004 -0,670199992 -1,980118723 1,10000001 -0,570199982 -1,698465651 1 -0,509599996 -1,651957604 1
0,299340963027055 -0,390041274824243 -0,870782861445673
-0,509599996 -1,651957604 1 -0,570199982 -1,698465651 1 -0,570199978 -1,698465652 1,000000002 -0,47019998 -1,398465659 0,900000004 -0,4096 -1,351957616 0,900000004
0,278115254769022 -0,362384176964027 -0,889567093226175
-0,4096 -1,351957616 0,900000004 -0,47019998 -1,398465659 0,900000004 -0,470199993 -1,398465659 0,9 -0,380199993 -1,108465659 0,81 -0,319599996 -1,061957603 0,81
0,255030940256411 -0,332305315154095 -0,90803766278292
-0,319599996 -1,061957603 0,81 -0,380199993 -1,108465659 0,81 -0,300199989 -0,828465645 0,729999996 -0,239600006 -0,7819576 0,729999996 -0,239599995 -0,781957598 0,729999999
0,229989396874756 -0,2996761841278 -0,925904456189615
-0,239600006 -0,7819576 0,729999996 -0,300199989 -0,828465645 0,729999996 -0,300199995 -0,828465646 0,729999995 -0,230199999 -0,558465662 0,659999999 -0,169600009 -0,511957612 0,659999999
0,202917739545509 -0,264401814627792 -0,942823457174922
-0,169600009 -0,511957612 0,659999999 -0,230199999 -0,558465662 0,659999999 -0,226737681 -0,543462284 0,656537681 -0,181332825 -0,405990945 0,627757934 -0,137357944 -0,372241996 0,627757934
0,201036624198503 -0,261950721330642 -0,943910003827286
-0,137357944 -0,372241996 0,627757934 -0,181332825 -0,405990945 0,627757934 -0,181332824 -0,405990941 0,627757933 -0,172156477 -0,378043548 0,621956471 -0,122338527 -0,260692609 0,600000002 -0,093452365 -0,238523644 0,600000002 -0,093452383 -0,23852365 0,6
0,172202488621869 -0,22437984267429 -0,95916629898777
-0,093452365 -0,238523644 0,600000002 -0,122338527 -0,260692609 0,600000002 -0,122338518 -0,260692606 0,600000003 -0,114915523 -0,24192444 0,596942202 -0,088393387 -0,221569769 0,596942202 -0,088393375 -0,221569701 0,596942188
0,170342192887477 -0,221955877332377 -0,960062042703439
-0,088393387 -0,221569769 0,596942202 -0,114915523 -0,24192444 0,596942202 -0,114915509 -0,241924387 0,596942192 -0,108072332 -0,224539139 0,594137086 -0,083737063 -0,205862801 0,594137086
0,168508193763661 -0,219566176474045 -0,96093479632235
-0,083737063 -0,205862801 0,594137086 -0,108072332 -0,224539139 0,594137086 -0,10807233 -0,224539132 0,594137084 -0,101763899 -0,208436084 0,5915639 -0,017250393 -0,034612326 0,566666686 -0,016390491 -0,033952386 0,566666686 -0,016390475 -0,033952328 0,566666675
0,166309562284205 -0,216701359656313 -0,961967593121484
-0,016390491 -0,033952386 0,566666686 -0,017250393 -0,034612326 0,566666686 -0,017250419 -0,034612396 0,566666697 -0,01725028 -0,03461211 0,566666656 -0,016390423 -0,033952204 0,566666656 -0,01639042 -0,033952203 0,566666657
0,143045302966796 -0,186388029765731 -0,972006966877906
-0,016390423 -0,033952204 0,566666656 -0,01725028 -0,03461211 0,566666656 -0,017250289 -0,034612112 0,566666656 -0,017151141 -0,034397075 0,566640012 -0,016319823 -0,033759072 0,566640012 -0,016319823 -0,033759071 0,566640012
0,141227325450018 -0,184019205061369 -0,97272389438875
-0,016319823 -0,033759072 0,566640012 -0,017151141 -0,034397075 0,566640012 -0,016971582 -0,034006094 0,566592116 -0,01619211 -0,033407881 0,566592116
0,139439456704779 -0,181689612086323 -0,973419499893955
-0,01619211 -0,033407881 0,566592116 -0,016971582 -0,034006094 0,566592116 -0,016971582 -0,034006093 0,566592116 -0,016727629 -0,033472814 0,566527525 -0,016075677 -0,032289258 0,566400003 -0,015466535 -0,031821767 0,566400003 -0,015466528 -0,031821764 0,566400003
0,111231154732943 -0,144934194617021 -0,983169217097185
-0,015466535 -0,031821767 0,566400003 -0,016075677 -0,032289258 0,566400003 -0,016075658 -0,03228925 0,566400004 -0,014888522 -0,030021427 0,566199999 -0,0146 -0,029799998 0,566199999 -0,0146 -0,029799999 0,566199999
0,0778365989377584 -0,101421088415897 -0,991793943664881
-0,0146 -0,029799998 0,566199999 -0,014888522 -0,030021427 0,566199999 -0,014888584 -0,030021462 0,566199998 -0,013866665 -0,027933328 0,566066666
-0,0778365989377584 0,101421088415897 -0,991793943664881
0,013866662 0,027933322 0,566066665 0,013866652 0,027933314 0,566066665 0,014599989 0,029799991 0,566199999 0,014599939 0,029799942 0,566199998 0,014888587 0,030021468 0,566199998
-0,111231154732943 0,144934194617021 -0,983169217097185
0,014888566 0,03002145 0,566199998 0,014888587 0,030021468 0,566199998 0,014599939 0,029799942 0,566199998 0,015466483 0,03182173 0,566400004 0,015466511 0,031821759 0,566400005 0,016075716 0,032289299 0,566400005
-0,139439456704779 0,181689612086323 -0,973419499893955
0,016727629 0,033472814 0,566527525 0,016075682 0,032289267 0,566400004 0,016075716 0,032289299 0,566400005 0,015466511 0,031821759 0,566400005 0,016192087 0,033407863 0,566592116 0,016971582 0,034006094 0,566592116
-0,141227325450018 0,184019205061369 -0,97272389438875
0,016971582 0,034006093 0,566592116 0,016971582 0,034006094 0,566592116 0,016192087 0,033407863 0,566592116 0,016319802 0,03375906 0,566640013 0,016319909 0,033759293 0,566640041 0,017151251 0,034397315 0,566640041
-0,143045302966796 0,186388029765731 -0,972006966877906
0,017151103 0,034397048 0,566640012 0,017151251 0,034397315 0,566640041 0,016319909 0,033759293 0,566640041 0,016390432 0,033952216 0,566666657 0,016390378 0,033952155 0,566666653 0,017250242 0,034612066 0,566666653
-0,166309562284205 0,216701359656313 -0,961967593121484
0,017250285 0,03461211 0,566666656 0,017250242 0,034612066 0,566666653 0,016390378 0,033952155 0,566666653 0,016390441 0,033952317 0,566666679 0,01639049 0,033952417 0,566666693 0,017250413 0,034612374 0,566666693
-0,168508193763661 0,219566176474045 -0,96093479632235
0,101763899 0,208436084 0,5915639 0,017250432 0,034612406 0,566666697 0,017250413 0,034612374 0,566666693 0,01639049 0,033952417 0,566666693 0,08373713 0,205863025 0,594137125 0,10807243 0,224539387 0,594137125
-0,170342192887477 0,221955877332377 -0,960062042703439
0,108072292 0,224539105 0,594137084 0,10807243 0,224539387 0,594137125 0,08373713 0,205863025 0,594137125 0,088393353 0,221569651 0,59694218 0,114915443 0,241924287 0,59694218
-0,172202488621869 0,22437984267429 -0,95916629898777
0,114915484 0,241924369 0,596942192 0,114915443 0,241924287 0,59694218 0,088393353 0,221569651 0,59694218 0,09345235 0,238523617 0,599999998 0,093452379 0,238523649 0,600000001 0,122338496 0,260692581 0,600000001
-0,201036624198503 0,261950721330642 -0,943910003827286
0,172156477 0,378043548 0,621956471 0,122338528 0,260692613 0,600000003 0,122338496 0,260692581 0,600000001 0,093452379 0,238523649 0,600000001 0,137357939 0,372241992 0,627757934 0,181332826 0,405990946 0,627757934
-0,202917739545509 0,264401814627792 -0,942823457174922
0,226737681 0,543462284 0,656537681 0,181332824 0,405990941 0,627757933 0,181332826 0,405990946 0,627757934 0,137357939 0,372241992 0,627757934 0,169600004 0,511957608 0,659999999 0,230199999 0,558465662 0,659999999
-0,229989396874756 0,2996761841278 -0,925904456189615
0,230199999 0,558465662 0,659999999 0,169600004 0,511957608 0,659999999 0,239600003 0,781957602 0,729999998 0,239599992 0,781957589 0,729999996 0,300199996 0,82846565 0,729999996
-0,255030940256411 0,332305315154095 -0,90803766278292
0,300199988 0,828465641 0,729999995 0,300199996 0,82846565 0,729999996 0,239599992 0,781957589 0,729999996 0,319599996 1,061957603 0,81 0,380199993 1,108465659 0,81
-0,278115254769022 0,362384176964027 -0,889567093226175
0,380199993 1,108465659 0,81 0,319599996 1,061957603 0,81 0,409600001 1,351957619 0,900000005 0,409599984 1,351957596 0,900000001 0,470199994 1,398465662 0,900000001
-0,299340963027055 0,390041274824243 -0,870782861445673
0,470199989 1,398465656 0,9 0,470199994 1,398465662 0,900000001 0,409599984 1,351957596 0,900000001 0,509599983 1,651957593 1 0,570199989 1,698465656 1
-0,319009145045024 0,415668915993656 -0,851735004361275
0,570199996 1,698465665 1,000000002 0,570199989 1,698465656 1 0,509599983 1,651957593 1 0,609599979 1,933610626 1,099999997 0,609600019 1,93361068 1,100000008 0,670200002 1,980118726 1,100000008
-0,337025006308426 0,439143583219868 -0,832806735347176
0,67020001 1,980118736 1,10000001 0,670200002 1,980118726 1,100000008 0,609600019 1,93361068 1,100000008 0,709600009 2,200000007 1,199999999 0,770199999 2,246508057 1,199999999
-0,338053356905831 0,474626913095772 -0,812680270001602
1,051 2,8 1,4 0,950999989 2,557549831 1,299999989 0,870199989 2,499999973 1,299999989 -0,329800022 3,699999984 2,5 -0,049 3,9 2,5
0,338053356905831 -0,474626913095772 -0,812680270001602
0,329800022 -3,699999984 2,5 0,049 -3,9 2,5 -1,051 -2,8 1,4 -0,950999989 -2,557549831 1,299999989 -0,870199989 -2,499999973 1,299999989
0,324104679392042 -0,455042969866413 -0,829392580369113
-0,870199989 -2,499999973 1,299999989 -0,950999989 -2,557549831 1,299999989 -0,850999999 -2,304057915 1,199999999 -0,770199999 -2,246508057 1,199999999
0,308909880881299 -0,433709472757331 -0,846445969176096
-0,770199999 -2,246508057 1,199999999 -0,850999999 -2,304057915 1,199999999 -0,75100001 -2,037668594 1,10000001 -0,670199992 -1,980118723 1,10000001 -0,670200004 -1,980118718 1,100000004
0,292355835548172 -0,410467593109621 -0,86373862969519
-0,670199992 -1,980118723 1,10000001 -0,75100001 -2,037668594 1,10000001 -0,651000002 -1,756015527 1,000000002 -0,570199978 -1,698465652 1,000000002 -0,570199982 -1,698465651 1
0,274326381920185 -0,385154240215927 -0,881136338727596
-0,570199978 -1,698465652 1,000000002 -0,651000002 -1,756015527 1,000000002 -0,551 -1,456015522 0,9 -0,470199993 -1,398465659 0,9 -0,47019998 -1,398465659 0,900000004
0,254908093548932 -0,357890963342689 -0,898296121666398
-0,470199993 -1,398465659 0,9 -0,551 -1,456015522 0,9 -0,461 -1,166015522 0,81 -0,380199993 -1,108465659 0,81
0,233822274852443 -0,32828647389282 -0,915180383772427
-0,380199993 -1,108465659 0,81 -0,461 -1,166015522 0,81 -0,380999995 -0,886015503 0,729999995 -0,300199995 -0,828465646 0,729999995 -0,300199989 -0,828465645 0,729999996
0,210972222575739 -0,296205000496328 -0,931532779338668
-0,300199995 -0,828465646 0,729999995 -0,380999995 -0,886015503 0,729999995 -0,336526207 -0,714473752 0,685526207 -0,297650754 -0,60650751 0,659999999 -0,230199999 -0,558465662 0,659999999
0,186279915365978 -0,261537001173825 -0,947047089720594
-0,230199999 -0,558465662 0,659999999 -0,297650754 -0,60650751 0,659999999 -0,292200258 -0,590088051 0,656537681 -0,226737681 -0,543462284 0,656537681
0,184819302905696 -0,259486301279589 -0,94789698001507
-0,226737681 -0,543462284 0,656537681 -0,292200258 -0,590088051 0,656537681 -0,279466304 -0,551533721 0,648466298 -0,232845731 -0,442681046 0,627757933 -0,181332824 -0,405990941 0,627757933 -0,181332825 -0,405990945 0,627757934
0,183118644740667 -0,257098577215889 -0,948877169891819
-0,181332824 -0,405990941 0,627757933 -0,232845731 -0,442681046 0,627757933 -0,219733886 -0,411930591 0,621956471 -0,172156477 -0,378043548 0,621956471
0,181438449845981 -0,25473958358375 -0,949835687618161
-0,172156477 -0,378043548 0,621956471 -0,219733886 -0,411930591 0,621956471 -0,207615472 -0,383384511 0,616615473 -0,156509222 -0,285030714 0,600000003 -0,122338518 -0,260692606 0,600000003 -0,122338527 -0,260692609 0,600000002
0,155631546201012 -0,218506690866215 -0,963345030543978
-0,122338518 -0,260692606 0,600000003 -0,156509222 -0,285030714 0,600000003 -0,146310501 -0,264285493 0,596942192 -0,114915509 -0,241924387 0,596942192 -0,114915523 -0,24192444 0,596942202
0,153965615506492 -0,216167724171108 -0,964140085396511
-0,114915509 -0,241924387 0,596942192 -0,146310501 -0,264285493 0,596942192 -0,136899633 -0,2450714 0,594137084 -0,10807233 -0,224539132 0,594137084 -0,108072332 -0,224539139 0,594137086
0,15232308236145 -0,21386160763547 -0,96491496586978
-0,10807233 -0,224539132 0,594137084 -0,136899633 -0,2450714 0,594137084 -0,128216073 -0,227276664 0,5915639 -0,101763899 -0,208436084 0,5915639
0,150703556393177 -0,211587793176014 -0,965670256282833
-0,101763899 -0,208436084 0,5915639 -0,128216073 -0,227276664 0,5915639 -0,120203426 -0,210796594 0,589203418 -0,018548025 -0,035536618 0,566666697 -0,017250419 -0,034612396 0,566666697 -0,017250393 -0,034612326 0,566666686
0,148758242661261 -0,208856572696404 -0,966566043931735
-0,017250419 -0,034612396 0,566666697 -0,018548025 -0,035536618 0,566666697 -0,018547837 -0,035536292 0,566666656 -0,017250289 -0,034612112 0,566666656 -0,01725028 -0,03461211 0,566666656
0,128155376084761 -0,179930148022999 -0,975295514914836
-0,017250289 -0,034612112 0,566666656 -0,018547837 -0,035536292 0,566666656 -0,018414893 -0,035297183 0,566640012 -0,017151141 -0,034397075 0,566640012
0,126543664696581 -0,177667305233994 -0,975920606184771
-0,017151141 -0,034397075 0,566640012 -0,018414893 -0,035297183 0,566640012 -0,01817396 -0,034862488 0,566592116 -0,016971582 -0,034006093 0,566592116 -0,016971582 -0,034006094 0,566592116
0,124958371441158 -0,175441553503381 -0,976527350723519
-0,016971582 -0,034006093 0,566592116 -0,01817396 -0,034862488 0,566592116 -0,017846401 -0,03426966 0,566527525 -0,016727629 -0,033472814 0,566527525
0,12339896819869 -0,173252151350956 -0,977116362927039
-0,016727629 -0,033472814 0,566527525 -0,017846401 -0,03426966 0,566527525 -0,017449967 -0,033549974 0,566449982 -0,017114649 -0,033029272 0,566400004 -0,016075658 -0,03228925 0,566400004 -0,016075677 -0,032289258 0,566400003
0,0986981736481967 -0,138572235802064 -0,985421943120472
-0,016075658 -0,03228925 0,566400004 -0,017114649 -0,033029272 0,566400004 -0,015544226 -0,030488444 0,566199998 -0,014888584 -0,030021462 0,566199998 -0,014888522 -0,030021427 0,566199999
0,0693139151513332 -0,0973167368724688 -0,992836861670077
-0,014888584 -0,030021462 0,566199998 -0,015544226 -0,030488444 0,566199998 -0,014177287 -0,028154565 0,566066665 -0,013866663 -0,027933322 0,566066665 -0,013866665 -0,027933328 0,566066666
0,0360106671813114 -0,0505589767225596 -0,998071651597181
-0,013866663 -0,027933322 0,566066665 -0,014177287 -0,028154565 0,566066665 -0,012999983 -0,025999959 0,565999998
-0,0360106671813114 0,0505589767225596 -0,998071651597181
0,012999972 0,025999951 0,565999998 0,013866652 0,027933314 0,566066665 0,013866662 0,027933322 0,566066665 0,014177277 0,028154558 0,566066665
-0,0693139151513332 0,0973167368724688 -0,992836861670077
0,014177277 0,028154558 0,566066665 0,013866662 0,027933322 0,566066665 0,014888587 0,030021468 0,566199998 0,014888566 0,03002145 0,566199998 0,015544216 0,030488436 0,566199998
-0,0986981736481967 0,138572235802064 -0,985421943120472
0,015544216 0,030488436 0,566199998 0,014888566 0,03002145 0,566199998 0,016075716 0,032289299 0,566400005 0,016075682 0,032289267 0,566400004 0,017114639 0,033029265 0,566400004
-0,12339896819869 0,173252151350956 -0,977116362927039
0,01745 0,033550032 0,566449989 0,017114639 0,033029265 0,566400004 0,016075682 0,032289267 0,566400004 0,016727629 0,033472814 0,566527525 0,017846401 0,03426966 0,566527525
-0,124958371441158 0,175441553503381 -0,976527350723519
0,017846401 0,03426966 0,566527525 0,016727629 0,033472814 0,566527525 0,016971582 0,034006094 0,566592116 0,016971582 0,034006093 0,566592116 0,01817396 0,034862488 0,566592116
-0,126543664696581 0,177667305233994 -0,975920606184771
0,01817396 0,034862488 0,566592116 0,016971582 0,034006093 0,566592116 0,017151251 0,034397315 0,566640041 0,017151103 0,034397048 0,566640012 0,018414893 0,035297183 0,566640012
-0,128155376084761 0,179930148022999 -0,975295514914836
0,018414893 0,035297183 0,566640012 0,017151103 0,034397048 0,566640012 0,017250242 0,034612066 0,566666653 0,017250285 0,03461211 0,566666656 0,018547837 0,035536292 0,566666656
-0,148758242661261 0,208856572696404 -0,966566043931735
0,018547837 0,035536292 0,566666656 0,017250285 0,03461211 0,566666656 0,017250413 0,034612374 0,566666693 0,017250432 0,034612406 0,566666697 0,018548025 0,035536618 0,566666697
-0,150703556393177 0,211587793176014 -0,965670256282833
0,120203426 0,210796594 0,589203418 0,018548025 0,035536618 0,566666697 0,017250432 0,034612406 0,566666697 0,101763899 0,208436084 0,5915639 0,128216073 0,227276664 0,5915639
-0,15232308236145 0,21386160763547 -0,96491496586978
0,128216073 0,227276664 0,5915639 0,101763899 0,208436084 0,5915639 0,10807243 0,224539387 0,594137125 0,108072292 0,224539105 0,594137084 0,136899633 0,2450714 0,594137084
-0,153965615506492 0,216167724171108 -0,964140085396511
0,136899633 0,2450714 0,594137084 0,108072292 0,224539105 0,594137084 0,114915443 0,241924287 0,59694218 0,114915484 0,241924369 0,596942192 0,146310501 0,264285493 0,596942192
-0,155631546201012 0,218506690866215 -0,963345030543978
0,146310501 0,264285493 0,596942192 0,114915484 0,241924369 0,596942192 0,122338496 0,260692581 0,600000001 0,122338528 0,260692613 0,600000003 0,156509222 0,285030714 0,600000003
-0,181438449845981 0,25473958358375 -0,949835687618161
0,207615472 0,383384511 0,616615473 0,156509222 0,285030714 0,600000003 0,122338528 0,260692613 0,600000003 0,172156477 0,378043548 0,621956471 0,219733886 0,411930591 0,621956471
-0,183118644740667 0,257098577215889 -0,948877169891819
0,219733886 0,411930591 0,621956471 0,172156477 0,378043548 0,621956471 0,181332826 0,405990946 0,627757934 0,181332824 0,405990941 0,627757933 0,232845731 0,442681046 0,627757933
-0,184819302905696 0,259486301279589 -0,94789698001507
0,279466304 0,551533721 0,648466298 0,232845731 0,442681046 0,627757933 0,181332824 0,405990941 0,627757933 0,226737681 0,543462284 0,656537681 0,292200258 0,590088051 0,656537681
-0,186279915365978 0,261537001173825 -0,947047089720594
0,292200258 0,590088051 0,656537681 0,226737681 0,543462284 0,656537681 0,230199999 0,558465662 0,659999999 0,297650754 0,60650751 0,659999999
-0,210972222575739 0,296205000496328 -0,931532779338668
0,336526207 0,714473752 0,685526207 0,297650754 0,60650751 0,659999999 0,230199999 0,558465662 0,659999999 0,300199996 0,82846565 0,729999996 0,300199988 0,828465641 0,729999995 0,380999995 0,886015503 0,729999995
-0,233822274852443 0,32828647389282 -0,915180383772427
0,380999995 0,886015503 0,729999995 0,300199988 0,828465641 0,729999995 0,380199993 1,108465659 0,81 0,461 1,166015522 0,81
-0,254908093548932 0,357890963342689 -0,898296121666398
0,461 1,166015522 0,81 0,380199993 1,108465659 0,81 0,470199994 1,398465662 0,900000001 0,470199989 1,398465656 0,9 0,551 1,456015522 0,9
-0,274326381920185 0,385154240215927 -0,881136338727596
0,551 1,456015522 0,9 0,470199989 1,398465656 0,9 0,570199989 1,698465656 1 0,570199996 1,698465665 1,000000002 0,651000002 1,756015527 1,000000002
-0,292355835548172 0,410467593109621 -0,86373862969519
0,651000002 1,756015527 1,000000002 0,570199996 1,698465665 1,000000002 0,670200002 1,980118726 1,100000008 0,67020001 1,980118736 1,10000001 0,75100001 2,037668594 1,10000001
-0,308909880881299 0,433709472757331 -0,846445969176096
0,75100001 2,037668594 1,10000001 0,67020001 1,980118736 1,10000001 0,770199999 2,246508057 1,199999999 0,850999999 2,304057915 1,199999999
-0,324104679392042 0,455042969866413 -0,829392580369113
0,850999999 2,304057915 1,199999999 0,770199999 2,246508057 1,199999999 0,870199989 2,499999973 1,299999989 0,950999989 2,557549831 1,299999989
