0 0,707106781186547 -0,707106781186547
-1,69 3,1 2,5 2,11 3,1 2,5 0,21 1,2 0,6
-0,707106781186547 0 -0,707106781186547
-0,03 -0,219999998 0,42 -0,06 -0,45 0,45 -0,1 -0,69 0,49 -0,15 -0,94 0,54 -0,21 -1,2 0,6 -2,11 -3,1 2,5 -2,11 1,90000002 2,5 -0,026666665 -0,183333315 0,416666665
0 0 1
-2,11 -3,1 2,5 1,69 -3,1 2,5 1,81 -2,9 2,5 1,91 -2,7 2,5 1,99 -2,5 2,5 2,050000001 -2,299999998 2,5 2,090000004 -2,099999982 2,5 2,11 -1,90000002 2,5 2,11 3,1 2,5 -1,69 3,1 2,5 -1,81 2,9 2,5 -1,91 2,7 2,5 -1,99 2,5 2,5 -2,050000001 2,299999998 2,5 -2,090000004 2,099999982 2,5 -2,11 1,90000002 2,5
0,707106781186547 0 -0,707106781186547
2,11 -1,90000002 2,5 0,026666665 0,183333315 0,416666665 0,03 0,219999998 0,42 0,06 0,45 0,45 0,1 0,69 0,49 0,15 0,94 0,54 0,21 1,2 0,6 2,11 3,1 2,5
0 -0,707106781186547 -0,707106781186547
1,69 -3,1 2,5 -2,11 -3,1 2,5 -0,21 -1,2 0,6
-0,671156055214024 0,0671156055214025 -0,738271660735427
0,000909089 0,009090889 0,409090907 -0,000909089 -0,009090889 0,409090907 -0,026666665 -0,183333315 0,416666665 -2,11 1,90000002 2,5 -2,090000004 2,099999982 2,5
0,671156055214024 -0,0671156055214025 -0,738271660735427
0,026666665 0,183333315 0,416666665 2,11 -1,90000002 2,5 2,090000004 -2,099999982 2,5 -0,000909089 -0,009090889 0,409090907 0,000909089 0,009090889 0,409090907
-0,635000635000952 0,127000127000191 -0,762000762001143
0,03 0,219999998 0,42 0,026666665 0,183333315 0,416666665 0,000909089 0,009090889 0,409090907 -2,090000004 2,099999982 2,5 -2,050000001 2,299999998 2,5
0,635000635000952 -0,127000127000191 -0,762000762001143
2,090000004 -2,099999982 2,5 2,050000001 -2,299999998 2,5 -0,03 -0,219999998 0,42 -0,026666665 -0,183333315 0,416666665 -0,000909089 -0,009090889 0,409090907
-0,599760143904067 0,17992804317122 -0,779688187075287
0,06 0,45 0,45 0,03 0,219999998 0,42 -2,050000001 2,299999998 2,5 -1,99 2,5 2,5
0,599760143904067 -0,17992804317122 -0,779688187075287
2,050000001 -2,299999998 2,5 1,99 -2,5 2,5 -0,06 -0,45 0,45 -0,03 -0,219999998 0,42
-0,566138517072298 0,226455406828919 -0,792593923901217
0,1 0,69 0,49 0,06 0,45 0,45 -1,99 2,5 2,5 -1,91 2,7 2,5
0,566138517072298 -0,226455406828919 -0,792593923901217
1,99 -2,5 2,5 1,91 -2,7 2,5 -0,1 -0,69 0,49 -0,06 -0,45 0,45
-0,534522483824849 0,267261241912425 -0,801783725737273
0,15 0,94 0,54 0,1 0,69 0,49 -1,91 2,7 2,5 -1,81 2,9 2,5
0,534522483824849 -0,267261241912425 -0,801783725737273
1,91 -2,7 2,5 1,81 -2,9 2,5 -0,15 -0,94 0,54 -0,1 -0,69 0,49
-0,505076272276105 0,303045763365663 -0,808122035641769
0,21 1,2 0,6 0,15 0,94 0,54 -1,81 2,9 2,5 -1,69 3,1 2,5
0,505076272276105 -0,303045763365663 -0,808122035641769
1,81 -2,9 2,5 1,69 -3,1 2,5 -0,21 -1,2 0,6 -0,15 -0,94 0,54
