0 0,707106781186547 -0,707106781186547
-2 2,9 2,5 2,2 2,9 2,5 0,1 0,8 0,4
-0,707106781186547 0 -0,707106781186547
-0,06 -0,56 0,36 -0,1 -0,8 0,4 -2,2 -2,9 2,5 -2,2 2,10000001 2,5 -0,009090908 -0,090909082 0,309090908 -0,009999999 -0,109999989 0,309999999 -0,03 -0,33 0,33
0 0 1
-2,2 -2,9 2,5 2 -2,9 2,5 2,08 -2,7 2,5 2,14 -2,5 2,5 2,180000002 -2,29999999 2,5 2,2 -2,10000001 2,5 2,2 2,9 2,5 -2 2,9 2,5 -2,08 2,7 2,5 -2,14 2,5 2,5 -2,180000002 2,29999999 2,5 -2,2 2,10000001 2,5
0,707106781186547 0 -0,707106781186547
2,2 -2,10000001 2,5 0,009090908 0,090909082 0,309090908 0,009999999 0,109999989 0,309999999 0,03 0,33 0,33 0,06 0,56 0,36 0,1 0,8 0,4 2,2 2,9 2,5
0 -0,707106781186547 -0,707106781186547
2 -2,9 2,5 -2,2 -2,9 2,5 -0,1 -0,8 0,4
-0,671156055214024 0,0671156055214025 -0,738271660735427
0,009999999 0,109999989 0,309999999 0,009090908 0,090909082 0,309090908 -0,009090908 -0,090909082 0,309090908 -2,2 2,10000001 2,5 -2,180000002 2,29999999 2,5
0,671156055214024 -0,0671156055214025 -0,738271660735427
2,2 -2,10000001 2,5 2,180000002 -2,29999999 2,5 -0,009999999 -0,109999989 0,309999999 -0,009090908 -0,090909082 0,309090908 0,009090908 0,090909082 0,309090908
-0,635000635000952 0,127000127000191 -0,762000762001143
0,03 0,33 0,33 0,009999999 0,109999989 0,309999999 -2,180000002 2,29999999 2,5 -2,14 2,5 2,5
0,635000635000952 -0,127000127000191 -0,762000762001143
-0,009999999 -0,109999989 0,309999999 2,180000002 -2,29999999 2,5 2,14 -2,5 2,5 -0,03 -0,33 0,33
-0,599760143904067 0,17992804317122 -0,779688187075287
0,06 0,56 0,36 0,03 0,33 0,33 -2,14 2,5 2,5 -2,08 2,7 2,5
0,599760143904067 -0,17992804317122 -0,779688187075287
2,14 -2,5 2,5 2,08 -2,7 2,5 -0,06 -0,56 0,36 -0,03 -0,33 0,33
-0,566138517072298 0,226455406828919 -0,792593923901217
0,1 0,8 0,4 0,06 0,56 0,36 -2,08 2,7 2,5 -2 2,9 2,5
0,566138517072298 -0,226455406828919 -0,792593923901217
2,08 -2,7 2,5 2 -2,9 2,5 -0,1 -0,8 0,4 -0,06 -0,56 0,36
