0 0,707106781186547 -0,707106781186547
1,0136 4,3 2,5 2,4136 4,3 2,5 1,7136 3,6 1,8
-0,707106781186547 0 -0,707106781186547
-0,813599998 -1,370808065 0,899999998 -0,913600006 -1,670808089 1,000000006 -1,013600018 -1,952461166 1,100000018 -1,113599992 -2,218850448 1,199999992 -1,213599977 -2,472342351 1,299999977 -1,313599994 -2,714792535 1,399999994 -1,41359999 -2,94768289 1,49999999 -1,513600003 -3,172215921 1,600000003 -1,6136 -3,389380531 1,7 -1,7136 -3,6 1,8 -2,4136 -4,3 2,5 -2,4136 0,700000052 2,5 -0,703420417 -1,010179531 0,789820417 -0,723599998 -1,080808065 0,809999998
0 0 1
-2,4136 -4,3 2,5 -1,0136 -4,3 2,5 -0,651999997 -4,099999998 2,5 -0,31059999 -3,899999994 2,5 0,010600047 -3,699999971 2,5 0,311599982 -3,500000014 2,5 0,592400047 -3,299999968 2,5 0,853000006 -3,1 2,5 1,093399985 -2,900000017 2,5 1,313599996 -2,700000007 2,5 1,513599994 -2,500000009 2,5 1,693600003 -2,299999999 2,5 1,853600003 -2,099999999 2,5 1,993599997 -1,900000007 2,5 2,113600007 -1,699999991 2,5 2,213600011 -1,499999983 2,5 2,293600012 -1,299999981 2,5 2,3536 -1,100000019 2,5 2,393600006 -0,89999999 2,5 2,4136 -0,700000052 2,5 2,4136 4,3 2,5 1,0136 4,3 2,5 0,651999997 4,099999998 2,5 0,310599993 3,899999996 2,5 -0,010600018 3,699999989 2,5 -0,311599999 3,500000002 2,5 -0,592400038 3,299999974 2,5 -0,852999998 3,100000005 2,5 -1,0934 2,900000003 2,5 -1,313599967 2,700000033 2,5 -1,513600002 2,499999998 2,5 -1,693600006 2,299999994 2,5 -1,853600004 2,099999996 2,5 -1,993599998 1,900000004 2,5 -2,113600212 1,699999648 2,5 -2,213599877 1,500000318 2,5 -2,293600012 1,299999981 2,5 -2,3536 1,100000019 2,5 -2,393600006 0,89999999 2,5 -2,4136 0,700000052 2,5
0,707106781186547 0 -0,707106781186547
2,4136 -0,700000052 2,5 0,703420417 1,010179531 0,789820417 0,723599998 1,080808065 0,809999998 0,813599998 1,370808065 0,899999998 0,913600006 1,670808089 1,000000006 1,013600018 1,952461166 1,100000018 1,113599992 2,218850448 1,199999992 1,213599977 2,472342351 1,299999977 1,313599994 2,714792535 1,399999994 1,41359999 2,94768289 1,49999999 1,513600003 3,172215921 1,600000003 1,6136 3,389380531 1,7 1,7136 3,6 1,8 2,4136 4,3 2,5
0 -0,707106781186547 -0,707106781186547
-1,0136 -4,3 2,5 -2,4136 -4,3 2,5 -1,7136 -3,6 1,8
-0,671156055214024 0,0671156055214025 -0,738271660735427
-0,641494493 -0,852105523 0,747894487 -0,66712881 -0,91766587 0,76523838 -0,703420417 -1,010179531 0,789820417 -2,4136 0,700000052 2,5 -2,393600006 0,89999999 2,5
0,671156055214024 -0,0671156055214025 -0,738271660735427
2,4136 -0,700000052 2,5 2,393600006 -0,89999999 2,5 0,641494493 0,852105523 0,747894487 0,66712881 0,91766587 0,76523838 0,703420417 1,010179531 0,789820417
-0,635000635000952 0,127000127000191 -0,762000762001143
-0,563860799 -0,689739182 0,710260799 -0,569398869 -0,701678616 0,712885951 -0,592664699 -0,751681585 0,723940315 -0,605392179 -0,778960921 0,729999992 -0,623974585 -0,816662587 0,739201719 -0,641494493 -0,852105523 0,747894487 -2,393600006 0,89999999 2,5 -2,3536 1,100000019 2,5
0,635000635000952 -0,127000127000191 -0,762000762001143
0,623974585 0,816662587 0,739201719 0,641494493 0,852105523 0,747894487 2,393600006 -0,89999999 2,5 2,3536 -1,100000019 2,5 0,563860799 0,689739182 0,710260799 0,569398869 0,701678616 0,712885951 0,592664699 0,751681585 0,723940315 0,605392179 0,778960921 0,729999992
-0,599760143904067 0,17992804317122 -0,779688187075287
-0,470254905 -0,523345126 0,676654893 -0,495093815 -0,567699069 0,685526222 -0,501708757 -0,579477322 0,68789658 -0,535306818 -0,639151243 0,699970337 -0,563860799 -0,689739182 0,710260799 -2,3536 1,100000019 2,5 -2,293600012 1,299999981 2,5
0,599760143904067 -0,17992804317122 -0,779688187075287
2,3536 -1,100000019 2,5 2,293600012 -1,299999981 2,5 0,470254905 0,523345126 0,676654893 0,495093815 0,567699069 0,685526222 0,501708757 0,579477322 0,68789658 0,535306818 0,639151243 0,699970337 0,563860799 0,689739182 0,710260799
-0,566138517072298 0,226455406828919 -0,792593923901217
-0,360748905 -0,352850654 0,647149028 -0,365887234 -0,361085561 0,648466432 -0,391963546 -0,402772845 0,655181717 -0,397209025 -0,411140644 0,656537688 -0,410543698 -0,432359235 0,66 -0,425811494 -0,455671791 0,664244838 -0,462569727 -0,511665986 0,674502378 -0,470254905 -0,523345126 0,676654893 -2,293600012 1,299999981 2,5 -2,213599877 1,500000318 2,5
0,566138517072298 -0,226455406828919 -0,792593923901217
0,425811494 0,455671791 0,664244838 0,462569727 0,511665986 0,674502378 0,470254905 0,523345126 0,676654893 2,293600012 -1,299999981 2,5 2,213600011 -1,499999983 2,5 0,360749085 0,352850943 0,647149074 0,365887234 0,361085561 0,648466432 0,391963546 0,402772845 0,655181717 0,397209025 0,411140644 0,656537688 0,410543698 0,432359235 0,66
-0,534522483824849 0,267261241912425 -0,801783725737273
-0,235392715 -0,178207849 0,621792503 -0,236217307 -0,179365104 0,621956479 -0,264824563 -0,219417487 0,627677189 -0,265226439 -0,219979 0,627757935 -0,296510983 -0,263584825 0,634079023 -0,330578133 -0,31097121 0,640994994 -0,360748905 -0,352850654 0,647149028 -2,213599877 1,500000318 2,5 -2,113600212 1,699999648 2,5
0,534522483824849 -0,267261241912425 -0,801783725737273
2,213600011 -1,499999983 2,5 2,113600007 -1,699999991 2,5 0,235392471 0,178207545 0,621792464 0,236217259 0,179365077 0,621956479 0,264824727 0,219417757 0,627677231 0,265226392 0,219978974 0,627757935 0,296510937 0,2635848 0,634079023 0,330578086 0,310971185 0,640994994 0,360749085 0,352850943 0,647149074
-0,505076272276105 0,303045763365663 -0,808122035641769
-0,153599996 0,060000002 0,659999998 -0,197827687 -0,131653323 0,615772308 -0,203115329 -0,138217695 0,616615444 -0,235392715 -0,178207849 0,621792503 -2,113600212 1,699999648 2,5 -1,993599998 1,900000004 2,5
0,505076272276105 -0,303045763365663 -0,808122035641769
2,113600007 -1,699999991 2,5 1,993599997 -1,900000007 2,5 0,153599998 -0,060000007 0,66 0,153599998 -0,060000003 0,659999999 0,197827689 0,131653324 0,615772308 0,203115481 0,138217882 0,616615469 0,235392471 0,178207545 0,621792464
-0,477818482567496 0,334472937797248 -0,812291420364744
-0,083599998 0,329999991 0,729999995 -0,153599994 0,060000009 0,659999999 -0,153599996 0,060000002 0,659999998 -1,993599998 1,900000004 2,5 -1,853600004 2,099999996 2,5
0,477818482567496 -0,334472937797248 -0,812291420364744
1,993599997 -1,900000007 2,5 1,853600003 -2,099999999 2,5 0,083600001 -0,329999997 0,729999998 0,083600001 -0,329999994 0,729999997 0,153599998 -0,060000007 0,66
-0,452678730212593 0,362142984170074 -0,814821714382667
-0,003600001 0,609999989 0,809999995 -0,083600004 0,329999979 0,729999992 -0,083599998 0,329999991 0,729999995 -1,853600004 2,099999996 2,5 -1,693600006 2,299999994 2,5
0,452678730212593 -0,362142984170074 -0,814821714382667
1,853600003 -2,099999999 2,5 1,693600003 -2,299999999 2,5 0,003600001 -0,609999997 0,809999998 0,083600001 -0,329999997 0,729999998
-0,429536779587558 0,386583101628802 -0,81611988121636
0,086400001 0,899999995 0,899999997 -0,003600001 0,609999989 0,809999995 -1,693600006 2,299999994 2,5 -1,513600002 2,499999998 2,5
0,429536779587558 -0,386583101628802 -0,81611988121636
1,693600003 -2,299999999 2,5 1,513599994 -2,500000009 2,5 -0,086400004 -0,900000012 0,900000003 0,003600001 -0,609999997 0,809999998
-0,408248290463863 0,408248290463863 -0,816496580927726
0,186400037 1,20000003 0,999999997 0,086400039 0,900000037 0,899999999 0,086400032 0,900000026 0,899999997 0,086400001 0,899999995 0,899999997 -1,513600002 2,499999998 2,5 -1,313599967 2,700000033 2,5
0,408248290463863 -0,408248290463863 -0,816496580927726
1,513599994 -2,500000009 2,5 1,313599996 -2,700000007 2,5 -0,186400009 -1,200000002 0,999999995 -0,086400017 -0,900000025 0,900000003 -0,086400004 -0,900000012 0,900000003
0,379642086548638 -0,379642086548638 -0,843649081219195
-0,086400004 -0,900000012 0,900000003 -0,086400017 -0,900000025 0,900000003 -0,086400027 -0,900000019 0,899999996 0,003599971 -0,610000027 0,809999998 0,003600001 -0,609999997 0,809999998
0,348155311911396 -0,348155311911396 -0,870388279778489
0,003600001 -0,609999997 0,809999998 0,003599971 -0,610000027 0,809999998 0,083599972 -0,330000023 0,729999997 0,083600001 -0,329999994 0,729999997 0,083600001 -0,329999997 0,729999998
0,313677500463754 -0,313677500463755 -0,896221429896442
0,083600001 -0,329999994 0,729999997 0,083599972 -0,330000023 0,729999997 0,083599979 -0,330000023 0,729999999 0,15359998 -0,060000021 0,659999999 0,153599998 -0,060000003 0,659999999 0,153599998 -0,060000007 0,66
0,276172385369497 -0,276172385369497 -0,920574617898323
0,197827689 0,131653324 0,615772308 0,153599998 -0,060000003 0,659999999 0,15359998 -0,060000021 0,659999999 0,153599976 -0,060000022 0,659999998 0,197827667 0,131653307 0,615772307
-0,276172385369497 0,276172385369497 -0,920574617898323
-0,197827664 -0,131653305 0,615772306 -0,197827687 -0,131653323 0,615772308 -0,153599996 0,060000002 0,659999998 -0,153599994 0,060000009 0,659999999 -0,15359997 0,060000033 0,659999999
-0,313677500463754 0,313677500463755 -0,896221429896442
-0,153599985 0,060000012 0,659999997 -0,15359997 0,060000033 0,659999999 -0,153599994 0,060000009 0,659999999 -0,083599998 0,329999991 0,729999995 -0,083600004 0,329999979 0,729999992 -0,083599989 0,329999994 0,729999992
-0,348155311911396 0,348155311911396 -0,870388279778489
-0,083599972 0,33000002 0,729999996 -0,083599989 0,329999994 0,729999992 -0,083600004 0,329999979 0,729999992 -0,003600001 0,609999989 0,809999995 -0,003599973 0,610000017 0,809999995
-0,379642086548638 0,379642086548638 -0,843649081219195
-0,003599968 0,610000024 0,809999996 -0,003599973 0,610000017 0,809999995 -0,003600001 0,609999989 0,809999995 0,086400001 0,899999995 0,899999997 0,086400032 0,900000026 0,899999997
-0,388473242250517 0,427709039717815 -0,816182281968333
0,3066 1,500000002 1,099999999 0,206599996 1,218346947 0,999999995 0,206600002 1,218346955 0,999999997 0,186400037 1,20000003 0,999999997 -1,313599967 2,700000033 2,5 -1,0934 2,900000003 2,5
0,388473242250517 -0,427709039717815 -0,816182281968333
1,313599996 -2,700000007 2,5 1,093399985 -2,900000017 2,5 -0,306600011 -1,500000021 1,100000004 -0,206600002 -1,218346952 0,999999995 -0,186400009 -1,200000002 0,999999995
0,364759259499304 -0,401599944708729 -0,840040574626884
-0,186400009 -1,200000002 0,999999995 -0,206600002 -1,218346952 0,999999995 -0,206600003 -1,218346951 0,999999994 -0,106600005 -0,918346957 0,899999996 -0,086400027 -0,900000019 0,899999996 -0,086400017 -0,900000025 0,900000003
0,338977082635493 -0,373213767981674 -0,863600614194346
-0,086400027 -0,900000019 0,899999996 -0,106600005 -0,918346957 0,899999996 -0,106599993 -0,918346961 0,900000002 -0,016599989 -0,628346948 0,809999998 0,003599971 -0,610000027 0,809999998
0,310764935529917 -0,342152194018435 -0,886767743534607
0,003599971 -0,610000027 0,809999998 -0,016599989 -0,628346948 0,809999998 0,06340001 -0,348346953 0,729999999 0,083599979 -0,330000023 0,729999999 0,083599972 -0,330000023 0,729999997
0,280019181298835 -0,308301118610015 -0,909142276196935
0,083599979 -0,330000023 0,729999999 0,06340001 -0,348346953 0,729999999 0,063400013 -0,348346952 0,73 0,133400015 -0,078346943 0,659999998 0,153599976 -0,060000022 0,659999998 0,15359998 -0,060000021 0,659999999
0,246687022485997 -0,27160241175708 -0,930256761794684
0,197827667 0,131653307 0,615772307 0,153599976 -0,060000022 0,659999998 0,133400015 -0,078346943 0,659999998 0,133399994 -0,078346949 0,659999994 0,178513715 0,117145839 0,614886274
-0,246687022485997 0,27160241175708 -0,930256761794684
-0,178513732 -0,117145853 0,614886274 -0,197827664 -0,131653305 0,615772306 -0,15359997 0,060000033 0,659999999 -0,153599985 0,060000012 0,659999997 -0,13340001 0,078346946 0,659999997
-0,280019181298835 0,308301118610015 -0,909142276196935
-0,13339997 0,078346999 0,660000003 -0,13340001 0,078346946 0,659999997 -0,153599985 0,060000012 0,659999997 -0,083599989 0,329999994 0,729999992 -0,083599972 0,33000002 0,729999996 -0,063399976 0,348346973 0,729999996
-0,310764935529917 0,342152194018435 -0,886767743534607
-0,063400016 0,34834692 0,729999989 -0,063399976 0,348346973 0,729999996 -0,083599972 0,33000002 0,729999996 -0,003599973 0,610000017 0,809999995 -0,003599968 0,610000024 0,809999996 0,016599992 0,628346945 0,809999996
-0,338977082635493 0,373213767981674 -0,863600614194346
0,016600018 0,628346983 0,810000002 0,016599992 0,628346945 0,809999996 -0,003599968 0,610000024 0,809999996 0,086400032 0,900000026 0,899999997 0,086400039 0,900000037 0,899999999 0,106600015 0,918346973 0,899999999
-0,364759259499304 0,401599944708729 -0,840040574626884
0,1066 0,918346951 0,899999995 0,106600015 0,918346973 0,899999999 0,086400039 0,900000037 0,899999999 0,186400037 1,20000003 0,999999997 0,206600002 1,218346955 0,999999997
-0,370278751682006 0,445075059521764 -0,81535381120377
0,44700001 1,799999997 1,199999992 0,347000025 1,533610686 1,100000007 0,346999998 1,533610649 1,099999999 0,3066 1,500000002 1,099999999 -1,0934 2,900000003 2,5 -0,852999998 3,100000005 2,5
0,370278751682006 -0,445075059521764 -0,81535381120377
1,093399985 -2,900000017 2,5 0,853000006 -3,1 2,5 -0,447000003 -1,799999991 1,199999991 -0,347000016 -1,533610674 1,100000004 -0,306600011 -1,500000021 1,100000004
0,35060171715781 -0,42142326402368 -0,836349728561935
-0,306600011 -1,500000021 1,100000004 -0,347000016 -1,533610674 1,100000004 -0,347000023 -1,53361067 1,099999999 -0,247000017 -1,251957612 0,999999994 -0,206600003 -1,218346951 0,999999994 -0,206600002 -1,218346952 0,999999995
0,329046364971498 -0,395513730695733 -0,857494827115701
-0,206600003 -1,218346951 0,999999994 -0,247000017 -1,251957612 0,999999994 -0,247000001 -1,251957618 1,000000003 -0,147 -0,951957616 0,900000002 -0,106599993 -0,918346961 0,900000002 -0,106600005 -0,918346957 0,899999996
0,305715042380186 -0,367469480940977 -0,878353285096293
-0,106599993 -0,918346961 0,900000002 -0,147 -0,951957616 0,900000002 -0,146999985 -0,951957618 0,900000008 -0,056999974 -0,661957585 0,809999998 -0,016599989 -0,628346948 0,809999998
0,280279747356629 -0,336896256322662 -0,898857149772687
-0,016599989 -0,628346948 0,809999998 -0,056999974 -0,661957585 0,809999998 0,023000023 -0,381957593 0,73 0,063400013 -0,348346952 0,73 0,06340001 -0,348346953 0,729999999
0,252639842568573 -0,303673090767419 -0,918670650391472
0,063400013 -0,348346952 0,73 0,023000023 -0,381957593 0,73 0,022999991 -0,381957598 0,729999993 0,09299999 -0,111957601 0,659999994 0,133399994 -0,078346949 0,659999994 0,133400015 -0,078346943 0,659999998
0,222730522716559 -0,267722088305299 -0,937398526606404
0,178513715 0,117145839 0,614886274 0,133399994 -0,078346949 0,659999994 0,09299999 -0,111957601 0,659999994 0,093000008 -0,111957596 0,659999997 0,125242079 0,027758048 0,627757925 0,147359115 0,095117472 0,613775113
-0,222730522716559 0,267722088305299 -0,937398526606404
-0,125242097 -0,027758109 0,627757912 -0,147359112 -0,095117472 0,613775113 -0,178513732 -0,117145853 0,614886274 -0,13340001 0,078346946 0,659999997 -0,13339997 0,078346999 0,660000003 -0,093000006 0,111957617 0,660000003
-0,252639842568573 0,303673090767419 -0,918670650391472
-0,093000007 0,111957617 0,660000003 -0,093000006 0,111957617 0,660000003 -0,13339997 0,078346999 0,660000003 -0,063399976 0,348346973 0,729999996 -0,063400016 0,34834692 0,729999989 -0,02300002 0,381957565 0,729999989
-0,280279747356629 0,336896256322662 -0,898857149772687
-0,023000006 0,381957582 0,729999991 -0,02300002 0,381957565 0,729999989 -0,063400016 0,34834692 0,729999989 0,016599992 0,628346945 0,809999996 0,016600018 0,628346983 0,810000002 0,057000005 0,66195762 0,810000002
-0,305715042380186 0,367469480940977 -0,878353285096293
0,056999965 0,66195757 0,809999995 0,057000005 0,66195762 0,810000002 0,016600018 0,628346983 0,810000002 0,106600015 0,918346973 0,899999999 0,1066 0,918346951 0,899999995 0,146999966 0,951957571 0,899999995
-0,329046364971498 0,395513730695733 -0,857494827115701
0,146999983 0,951957594 0,899999999 0,146999966 0,951957571 0,899999995 0,1066 0,918346951 0,899999995 0,206600002 1,218346955 0,999999997 0,206599996 1,218346947 0,999999995 0,246999979 1,251957582 0,999999995
-0,35060171715781 0,42142326402368 -0,836349728561935
0,246999999 1,251957609 1 0,246999979 1,251957582 0,999999995 0,206599996 1,218346947 0,999999995 0,3066 1,500000002 1,099999999 0,346999998 1,533610649 1,099999999
-0,353517642929038 0,460633488736525 -0,814151131665562
0,607599984 2,099999952 1,299999978 0,507599993 1,846508033 1,199999987 0,50760001 1,846508055 1,199999992 0,44700001 1,799999997 1,199999992 -0,852999998 3,100000005 2,5 -0,592400038 3,299999974 2,5
0,353517642929038 -0,460633488736525 -0,814151131665562
0,853000006 -3,1 2,5 0,592400047 -3,299999968 2,5 -0,607599971 -2,099999949 1,299999981 -0,507599981 -1,846508032 1,199999991 -0,447000003 -1,799999991 1,199999991
0,337025006308426 -0,439143583219868 -0,832806735347176
-0,447000003 -1,799999991 1,199999991 -0,507599981 -1,846508032 1,199999991 -0,407599989 -1,580118703 1,099999999 -0,347000023 -1,53361067 1,099999999 -0,347000016 -1,533610674 1,100000004
0,319009145045024 -0,415668915993656 -0,851735004361275
-0,347000023 -1,53361067 1,099999999 -0,407599989 -1,580118703 1,099999999 -0,407599975 -1,580118708 1,100000007 -0,30759997 -1,298465653 1,000000003 -0,247000001 -1,251957618 1,000000003 -0,247000017 -1,251957612 0,999999994
0,299340963027055 -0,390041274824243 -0,870782861445673
-0,247000001 -1,251957618 1,000000003 -0,30759997 -1,298465653 1,000000003 -0,307599959 -1,298465655 1,000000007 -0,20759996 -0,998465657 0,900000008 -0,146999985 -0,951957618 0,900000008 -0,147 -0,951957616 0,900000002
0,278115254769022 -0,362384176964027 -0,889567093226175
-0,146999985 -0,951957618 0,900000008 -0,20759996 -0,998465657 0,900000008 -0,207599997 -0,998465656 0,899999996 -0,117599999 -0,708465662 0,809999998 -0,056999974 -0,661957585 0,809999998
0,255030940256411 -0,332305315154095 -0,90803766278292
-0,056999974 -0,661957585 0,809999998 -0,117599999 -0,708465662 0,809999998 -0,117599983 -0,70846566 0,810000002 -0,037599974 -0,428465629 0,729999993 0,022999991 -0,381957598 0,729999993 0,023000023 -0,381957593 0,73
0,229989396874756 -0,2996761841278 -0,925904456189615
0,022999991 -0,381957598 0,729999993 -0,037599974 -0,428465629 0,729999993 -0,037599996 -0,428465634 0,729999989 0,032399996 -0,158465664 0,659999997 0,093000008 -0,111957596 0,659999997 0,09299999 -0,111957601 0,659999994
0,202917739545509 -0,264401814627792 -0,942823457174922
0,093000008 -0,111957596 0,659999997 0,032399996 -0,158465664 0,659999997 0,032399975 -0,15846567 0,659999994 0,035862196 -0,143462712 0,656537773 0,081267211 -0,005990892 0,627757925 0,125242079 0,027758048 0,627757925
0,201036624198503 -0,261950721330642 -0,943910003827286
0,147359115 0,095117472 0,613775113 0,125242079 0,027758048 0,627757925 0,081267211 -0,005990892 0,627757925 0,090443571 0,021956541 0,621956455 0,111225467 0,07091028 0,612797165
-0,201036624198503 0,261950721330642 -0,943910003827286
-0,090443529 -0,021956414 0,621956481 -0,111225483 -0,070910293 0,612797165 -0,147359112 -0,095117472 0,613775113 -0,125242097 -0,027758109 0,627757912 -0,08126723 0,00599083 0,627757912
-0,202917739545509 0,264401814627792 -0,942823457174922
-0,035862285 0,143462416 0,656537709 -0,081267195 0,005990913 0,627757928 -0,08126723 0,00599083 0,627757912 -0,125242097 -0,027758109 0,627757912 -0,093000006 0,111957617 0,660000003 -0,093000007 0,111957617 0,660000003 -0,032399992 0,158465687 0,660000003
-0,229989396874756 0,2996761841278 -0,925904456189615
-0,032400015 0,158465661 0,66 -0,032399992 0,158465687 0,660000003 -0,093000007 0,111957617 0,660000003 -0,02300002 0,381957565 0,729999989 -0,023000006 0,381957582 0,729999991 0,037599976 0,428465626 0,729999991
-0,255030940256411 0,332305315154095 -0,90803766278292
0,037599976 0,428465627 0,729999991 0,037599976 0,428465626 0,729999991 -0,023000006 0,381957582 0,729999991 0,057000005 0,66195762 0,810000002 0,056999965 0,66195757 0,809999995 0,117599979 0,708465639 0,809999995
-0,278115254769022 0,362384176964027 -0,889567093226175
0,117599999 0,708465662 0,809999998 0,117599979 0,708465639 0,809999995 0,056999965 0,66195757 0,809999995 0,146999966 0,951957571 0,899999995 0,146999983 0,951957594 0,899999999 0,2076 0,998465666 0,899999999
-0,299340963027055 0,390041274824243 -0,870782861445673
0,207600008 0,998465675 0,900000001 0,2076 0,998465666 0,899999999 0,146999983 0,951957594 0,899999999 0,246999979 1,251957582 0,999999995 0,246999999 1,251957609 1 0,307600008 1,298465674 1
-0,319009145045024 0,415668915993656 -0,851735004361275
0,307600007 1,298465673 1 0,307600008 1,298465674 1 0,246999999 1,251957609 1 0,346999998 1,533610649 1,099999999 0,347000025 1,533610686 1,100000007 0,407600014 1,580118736 1,100000007
-0,337025006308426 0,439143583219868 -0,832806735347176
0,407600029 1,580118755 1,100000011 0,407600014 1,580118736 1,100000007 0,347000025 1,533610686 1,100000007 0,44700001 1,799999997 1,199999992 0,50760001 1,846508055 1,199999992
-0,338053356905831 0,474626913095772 -0,812680270001602
0,788400007 2,399999996 1,399999994 0,688399997 2,157549829 1,299999984 0,688399977 2,157549804 1,299999978 0,607599984 2,099999952 1,299999978 -0,592400038 3,299999974 2,5 -0,311599999 3,500000002 2,5
0,338053356905831 -0,474626913095772 -0,812680270001602
0,592400047 -3,299999968 2,5 0,311599982 -3,500000014 2,5 -0,788400022 -2,40000001 1,399999996 -0,688400007 -2,157549832 1,299999981 -0,607599971 -2,099999949 1,299999981
0,324104679392042 -0,455042969866413 -0,829392580369113
-0,607599971 -2,099999949 1,299999981 -0,688400007 -2,157549832 1,299999981 -0,688399997 -2,157549839 1,299999989 -0,588399999 -1,904057902 1,199999991 -0,507599981 -1,846508032 1,199999991
0,308909880881299 -0,433709472757331 -0,846445969176096
-0,507599981 -1,846508032 1,199999991 -0,588399999 -1,904057902 1,199999991 -0,588399997 -1,904057903 1,199999992 -0,488400013 -1,637668593 1,100000007 -0,407599975 -1,580118708 1,100000007 -0,407599989 -1,580118703 1,099999999
0,292355835548172 -0,410467593109621 -0,86373862969519
-0,407599975 -1,580118708 1,100000007 -0,488400013 -1,637668593 1,100000007 -0,488400014 -1,637668593 1,100000007 -0,388400014 -1,356015551 1,000000007 -0,307599959 -1,298465655 1,000000007 -0,30759997 -1,298465653 1,000000003
0,274326381920185 -0,385154240215927 -0,881136338727596
-0,307599959 -1,298465655 1,000000007 -0,388400014 -1,356015551 1,000000007 -0,388400005 -1,356015552 1,000000011 -0,28839999 -1,056015508 0,899999996 -0,207599997 -0,998465656 0,899999996 -0,20759996 -0,998465657 0,900000008
0,254908093548932 -0,357890963342689 -0,898296121666398
-0,207599997 -0,998465656 0,899999996 -0,28839999 -1,056015508 0,899999996 -0,288400001 -1,056015508 0,899999993 -0,19840001 -0,766015537 0,810000002 -0,117599983 -0,70846566 0,810000002 -0,117599999 -0,708465662 0,809999998
0,233822274852443 -0,32828647389282 -0,915180383772427
-0,117599983 -0,70846566 0,810000002 -0,19840001 -0,766015537 0,810000002 -0,118399997 -0,486015492 0,729999989 -0,037599996 -0,428465634 0,729999989 -0,037599974 -0,428465629 0,729999993
0,210972222575739 -0,296205000496328 -0,931532779338668
-0,037599996 -0,428465634 0,729999989 -0,118399997 -0,486015492 0,729999989 -0,118399978 -0,486015488 0,729999992 -0,073926185 -0,314473715 0,685526199 -0,035050737 -0,206507488 0,659999994 0,032399975 -0,15846567 0,659999994 0,032399996 -0,158465664 0,659999997
0,186279915365978 -0,261537001173825 -0,947047089720594
0,032399975 -0,15846567 0,659999994 -0,035050737 -0,206507488 0,659999994 -0,035050646 -0,206507462 0,660000005 -0,029600286 -0,190088411 0,656537773 0,035862196 -0,143462712 0,656537773
0,184819302905696 -0,259486301279589 -0,94789698001507
0,035862196 -0,143462712 0,656537773 -0,029600286 -0,190088411 0,656537773 -0,029600207 -0,190088037 0,656537686 -0,016866158 -0,151533421 0,648466243 0,029754309 -0,042680993 0,627757925 0,081267211 -0,005990892 0,627757925
0,183118644740667 -0,257098577215889 -0,948877169891819
0,081267211 -0,005990892 0,627757925 0,029754309 -0,042680993 0,627757925 0,042866173 -0,011930495 0,621956455 0,090443571 0,021956541 0,621956455
0,181438449845981 -0,25473958358375 -0,949835687618161
0,104199333 0,066424144 0,612658179 0,111225467 0,07091028 0,612797165 0,090443571 0,021956541 0,621956455 0,042866173 -0,011930495 0,621956455 0,042866202 -0,0119304 0,621956435 0,0549845 0,016615408 0,616615488 0,068898513 0,043392876 0,612091817
-0,181438449845981 0,25473958358375 -0,949835687618161
-0,054984488 -0,016615366 0,616615497 -0,068898529 -0,043392887 0,612091817 -0,1041994 -0,066424189 0,61265818 -0,111225483 -0,070910293 0,612797165 -0,090443529 -0,021956414 0,621956481 -0,042866107 0,011930638 0,621956481
-0,183118644740667 0,257098577215889 -0,948877169891819
-0,042866092 0,011930667 0,621956486 -0,042866107 0,011930638 0,621956481 -0,090443529 -0,021956414 0,621956481 -0,08126723 0,00599083 0,627757912 -0,081267195 0,005990913 0,627757928 -0,029754292 0,042681014 0,627757928
-0,184819302905696 0,259486301279589 -0,94789698001507
0,016866289 0,151533727 0,648466301 -0,029754331 0,04268094 0,627757915 -0,029754292 0,042681014 0,627757928 -0,081267195 0,005990913 0,627757928 -0,035862285 0,143462416 0,656537709 0,029600283 0,190088176 0,656537709
-0,186279915365978 0,261537001173825 -0,947047089720594
0,029600383 0,190088409 0,656537754 0,029600283 0,190088176 0,656537709 -0,035862285 0,143462416 0,656537709 -0,032399992 0,158465687 0,660000003 -0,032400015 0,158465661 0,66 0,035050766 0,206507528 0,66
-0,210972222575739 0,296205000496328 -0,931532779338668
0,073926064 0,314473341 0,685526107 0,035050765 0,206507527 0,66 0,035050766 0,206507528 0,66 -0,032400015 0,158465661 0,66 0,037599976 0,428465626 0,729999991 0,037599976 0,428465627 0,729999991 0,118399948 0,486015464 0,729999991
-0,233822274852443 0,32828647389282 -0,915180383772427
0,118399948 0,486015464 0,729999991 0,037599976 0,428465627 0,729999991 0,117599979 0,708465639 0,809999995 0,117599999 0,708465662 0,809999998 0,198399955 0,766015488 0,809999998
-0,254908093548932 0,357890963342689 -0,898296121666398
0,19839997 0,766015505 0,81 0,198399955 0,766015488 0,809999998 0,117599999 0,708465662 0,809999998 0,2076 0,998465666 0,899999999 0,207600008 0,998465675 0,900000001 0,28839997 1,056015506 0,900000001
-0,274326381920185 0,385154240215927 -0,881136338727596
0,288400004 1,056015543 0,900000006 0,28839997 1,056015506 0,900000001 0,207600008 0,998465675 0,900000001 0,307600008 1,298465674 1 0,307600007 1,298465673 1 0,388399998 1,356015524 1
-0,292355835548172 0,410467593109621 -0,86373862969519
0,388399998 1,356015524 1 0,307600007 1,298465673 1 0,407600014 1,580118736 1,100000007 0,407600029 1,580118755 1,100000011 0,488400009 1,637668598 1,100000011
-0,308909880881299 0,433709472757331 -0,846445969176096
0,488400009 1,637668599 1,100000011 0,488400009 1,637668598 1,100000011 0,407600029 1,580118755 1,100000011 0,50760001 1,846508055 1,199999992 0,507599993 1,846508033 1,199999987 0,588399985 1,904057885 1,199999987
-0,324104679392042 0,455042969866413 -0,829392580369113
0,588399986 1,904057887 1,199999987 0,588399985 1,904057885 1,199999987 0,507599993 1,846508033 1,199999987 0,607599984 2,099999952 1,299999978 0,688399977 2,157549804 1,299999978
-0,323761105689637 0,487260464062885 -0,811021569752522
0,989399991 2,69999998 1,499999991 0,889399991 2,467109616 1,399999991 0,8894 2,467109626 1,399999994 0,788400007 2,399999996 1,399999994 -0,311599999 3,500000002 2,5 -0,010600018 3,699999989 2,5
0,323761105689637 -0,487260464062885 -0,811021569752522
0,311599982 -3,500000014 2,5 0,010600047 -3,699999971 2,5 -0,98939997 -2,699999955 1,499999983 -0,889399983 -2,467109619 1,399999996 -0,788400022 -2,40000001 1,399999996
0,311867740057923 -0,469360948787158 -0,826098548881901
-0,788400022 -2,40000001 1,399999996 -0,889399983 -2,467109619 1,399999996 -0,789399976 -2,22465946 1,299999989 -0,688399997 -2,157549839 1,299999989 -0,688400007 -2,157549832 1,299999981
0,298946615985215 -0,449914657057732 -0,841550784062146
-0,688399997 -2,157549839 1,299999989 -0,789399976 -2,22465946 1,299999989 -0,789399981 -2,224659458 1,299999987 -0,689399986 -1,97116753 1,199999992 -0,588399997 -1,904057903 1,199999992 -0,588399999 -1,904057902 1,199999991
0,284900662952966 -0,428775497744198 -0,857311603084419
-0,588399997 -1,904057903 1,199999992 -0,689399986 -1,97116753 1,199999992 -0,689399994 -1,971167528 1,199999988 -0,589400013 -1,704778227 1,100000007 -0,488400014 -1,637668593 1,100000007 -0,488400013 -1,637668593 1,100000007
0,26962742086179 -0,40578926839698 -0,873290400481571
-0,488400014 -1,637668593 1,100000007 -0,589400013 -1,704778227 1,100000007 -0,489400017 -1,423125195 1,000000011 -0,388400005 -1,356015552 1,000000011 -0,388400014 -1,356015551 1,000000007
0,253020674879402 -0,380796115693486 -0,889367672201056
-0,388400005 -1,356015552 1,000000011 -0,489400017 -1,423125195 1,000000011 -0,489400011 -1,423125195 1,000000012 -0,389399991 -1,123125137 0,899999993 -0,288400001 -1,056015508 0,899999993 -0,28839999 -1,056015508 0,899999996
0,235159098397354 -0,353914443088005 -0,905231884886216
-0,288400001 -1,056015508 0,899999993 -0,389399991 -1,123125137 0,899999993 -0,389399982 -1,123125136 0,899999995 -0,299399989 -0,833125158 0,810000002 -0,19840001 -0,766015537 0,810000002
0,215783098669223 -0,324753563497169 -0,920854373570869
-0,19840001 -0,766015537 0,810000002 -0,299399989 -0,833125158 0,810000002 -0,219399979 -0,553125123 0,729999992 -0,118399978 -0,486015488 0,729999992 -0,118399997 -0,486015492 0,729999989
0,194798028413168 -0,293171032761807 -0,936004526525229
-0,118399978 -0,486015488 0,729999992 -0,219399979 -0,553125123 0,729999992 -0,219399991 -0,553125126 0,72999999 -0,202285939 -0,487113781 0,712885938 -0,160691346 -0,372124985 0,685526199 -0,073926185 -0,314473715 0,685526199
0,193470295822752 -0,291172795213231 -0,936903222303121
-0,073926185 -0,314473715 0,685526199 -0,160691346 -0,372124985 0,685526199 -0,160691368 -0,372125073 0,685526222 -0,143902365 -0,32549808 0,67450231 -0,113069419 -0,258347178 0,660000005 -0,035050646 -0,206507462 0,660000005 -0,035050737 -0,206507488 0,659999994
0,170967097737194 -0,257305482094468 -0,951085769200367
-0,035050646 -0,206507462 0,660000005 -0,113069419 -0,258347178 0,660000005 -0,113069463 -0,25834719 0,66 -0,105326097 -0,240404243 0,656537686 -0,029600207 -0,190088037 0,656537686 -0,029600286 -0,190088411 0,656537773
0,169635781634612 -0,255301851360082 -0,951863785570881
-0,029600207 -0,190088037 0,656537686 -0,105326097 -0,240404243 0,656537686 -0,105326148 -0,240404406 0,656537721 -0,087214839 -0,198276731 0,648466243 -0,016866158 -0,151533421 0,648466243
0,168318221049592 -0,253318922679626 -0,952627156801198
-0,016866158 -0,151533421 0,648466243 -0,087214839 -0,198276731 0,648466243 -0,087214872 -0,198276837 0,648466265 -0,070395104 -0,159004973 0,640995102 -0,030250714 -0,08255144 0,627757925 0,029754309 -0,042680993 0,627757925
0,166781698665115 -0,251006456490989 -0,95350911049146
0,029754309 -0,042680993 0,627757925 -0,030250714 -0,08255144 0,627757925 -0,030250722 -0,082551461 0,627757929 -0,012573582 -0,048767466 0,621956435 0,042866202 -0,0119304 0,621956435 0,042866173 -0,011930495 0,621956455
0,165263602615034 -0,248721721935616 -0,954371754971867
0,042866202 -0,0119304 0,621956435 -0,012573582 -0,048767466 0,621956435 -0,012573626 -0,048767575 0,621956456 0,003777065 -0,017409466 0,616615488 0,0549845 0,016615408 0,616615488
0,163763678730938 -0,246464336490052 -0,955215571673237
0,068898513 0,043392876 0,612091817 0,0549845 0,016615408 0,616615488 0,003777065 -0,017409466 0,616615488 0,003777101 -0,017409377 0,616615471 0,018901798 0,01169805 0,611698187 0,01897279 0,011813692 0,61168052 0,022312381 0,013964394 0,611698141 0,036258712 0,022944425 0,611772099
-0,163763678730938 0,246464336490052 -0,955215571673237
-0,018901915 -0,011698306 0,611698141 -0,018972723 -0,011813651 0,61168052 -0,022320946 -0,013969911 0,611698187 -0,036258689 -0,022944413 0,611772099 -0,068898529 -0,043392887 0,612091817 -0,054984488 -0,016615366 0,616615497 -0,003776997 0,017409545 0,616615497
-0,165263602615034 0,248721721935616 -0,954371754971867
-0,003777045 0,017409467 0,616615485 -0,003776997 0,017409545 0,616615497 -0,054984488 -0,016615366 0,616615497 -0,042866107 0,011930638 0,621956481 -0,042866092 0,011930667 0,621956486 0,012573746 0,048767769 0,621956486
-0,166781698665115 0,251006456490989 -0,95350911049146
0,012573718 0,048767724 0,621956479 0,012573746 0,048767769 0,621956486 -0,042866092 0,011930667 0,621956486 -0,029754292 0,042681014 0,627757928 -0,029754331 0,04268094 0,627757915 0,030250682 0,082551381 0,627757915
-0,168318221049592 0,253318922679626 -0,952627156801198
0,070395041 0,159004844 0,640995079 0,03025072 0,082551442 0,627757925 0,030250682 0,082551381 0,627757915 -0,029754331 0,04268094 0,627757915 0,016866289 0,151533727 0,648466301 0,087214942 0,198277018 0,648466301
-0,169635781634612 0,255301851360082 -0,951863785570881
0,087214939 0,198277012 0,6484663 0,087214942 0,198277018 0,648466301 0,016866289 0,151533727 0,648466301 0,029600283 0,190088176 0,656537709 0,029600383 0,190088409 0,656537754 0,105326194 0,240404562 0,656537754
-0,170967097737194 0,257305482094468 -0,951085769200367
0,105326201 0,240404576 0,656537756 0,105326194 0,240404562 0,656537754 0,029600383 0,190088409 0,656537754 0,035050766 0,206507528 0,66 0,035050765 0,206507527 0,66 0,11306941 0,258347158 0,66
-0,193470295822752 0,291172795213231 -0,936903222303121
0,143902254 0,325497894 0,674502275 0,113069365 0,258347118 0,659999997 0,11306941 0,258347158 0,66 0,035050765 0,206507527 0,66 0,073926064 0,314473341 0,685526107 0,160691136 0,372124551 0,685526107
-0,194798028413168 0,293171032761807 -0,936004526525229
0,202285853 0,487113549 0,712885884 0,160691379 0,372125079 0,685526222 0,160691136 0,372124551 0,685526107 0,073926064 0,314473341 0,685526107 0,118399948 0,486015464 0,729999991 0,219399961 0,553125107 0,729999991
-0,215783098669223 0,324753563497169 -0,920854373570869
0,219400009 0,553125154 0,729999996 0,219399961 0,553125107 0,729999991 0,118399948 0,486015464 0,729999991 0,198399955 0,766015488 0,809999998 0,19839997 0,766015505 0,81 0,299400013 0,833125168 0,81
-0,235159098397354 0,353914443088005 -0,905231884886216
0,299400016 0,833125171 0,810000001 0,299400013 0,833125168 0,81 0,19839997 0,766015505 0,81 0,28839997 1,056015506 0,900000001 0,288400004 1,056015543 0,900000006 0,389400022 1,12312519 0,900000006
-0,253020674879402 0,380796115693486 -0,889367672201056
0,389400004 1,123125171 0,900000004 0,389400022 1,12312519 0,900000006 0,288400004 1,056015543 0,900000006 0,388399998 1,356015524 1 0,4894 1,42312516 1
-0,26962742086179 0,40578926839698 -0,873290400481571
0,4894 1,42312516 1 0,388399998 1,356015524 1 0,488400009 1,637668598 1,100000011 0,488400009 1,637668599 1,100000011 0,589400011 1,704778235 1,100000011
-0,284900662952966 0,428775497744198 -0,857311603084419
0,589399994 1,704778215 1,100000008 0,589400011 1,704778235 1,100000011 0,488400009 1,637668599 1,100000011 0,588399985 1,904057885 1,199999987 0,588399986 1,904057887 1,199999987 0,689399974 1,971167513 1,199999987
-0,298946615985215 0,449914657057732 -0,841550784062146
0,689400006 1,971167549 1,199999995 0,689399974 1,971167513 1,199999987 0,588399986 1,904057887 1,199999987 0,688399977 2,157549804 1,299999978 0,688399997 2,157549829 1,299999984 0,789399995 2,224659462 1,299999984
-0,311867740057923 0,469360948787158 -0,826098548881901
0,789399988 2,224659455 1,299999982 0,789399995 2,224659462 1,299999984 0,688399997 2,157549829 1,299999984 0,788400007 2,399999996 1,399999994 0,8894 2,467109626 1,399999994
-0,310527980120693 0,498707936073812 -0,809235916194505
1,210599989 3 1,600000004 1,110599974 2,775466966 1,49999999 1,110599978 2,775466971 1,499999991 0,989399991 2,69999998 1,499999991 -0,010600018 3,699999989 2,5 0,310599993 3,899999996 2,5
0,310527980120693 -0,498707936073812 -0,809235916194505
0,010600047 -3,699999971 2,5 -0,31059999 -3,899999994 2,5 -1,210599992 -2,999999993 1,599999998 -1,110599977 -2,775466958 1,499999983 -0,98939997 -2,699999955 1,499999983
0,300311977799542 -0,482301036346045 -0,822920668308712
-0,98939997 -2,699999955 1,499999983 -1,110599977 -2,775466958 1,499999983 -1,110599975 -2,775466959 1,499999984 -1,010599987 -2,54257662 1,399999996 -0,889399983 -2,467109619 1,399999996
0,289241869445991 -0,464522442330243 -0,836993453696584
-0,889399983 -2,467109619 1,399999996 -1,010599987 -2,54257662 1,399999996 -0,910599977 -2,300126455 1,299999987 -0,789399981 -2,224659458 1,299999987 -0,789399976 -2,22465946 1,299999989
0,277235261739373 -0,445239830353415 -0,851411829325364
-0,789399981 -2,224659458 1,299999987 -0,910599977 -2,300126455 1,299999987 -0,910599984 -2,300126453 1,299999983 -0,810599988 -2,046634523 1,199999988 -0,689399994 -1,971167528 1,199999988 -0,689399986 -1,97116753 1,199999992
0,264203638843009 -0,424311043981855 -0,866115797787537
-0,689399994 -1,971167528 1,199999988 -0,810599988 -2,046634523 1,199999988 -0,810599978 -2,046634525 1,199999992 -0,710599992 -1,780245213 1,100000007 -0,589400013 -1,704778227 1,100000007
0,250053015438249 -0,401585142793812 -0,881023758225346
-0,589400013 -1,704778227 1,100000007 -0,710599992 -1,780245213 1,100000007 -0,710599961 -1,780245215 1,100000017 -0,610599957 -1,49859216 1,000000012 -0,489400011 -1,423125195 1,000000012 -0,489400017 -1,423125195 1,000000011
0,234685148618322 -0,37690434868101 -0,896027897424706
-0,489400011 -1,423125195 1,000000012 -0,610599957 -1,49859216 1,000000012 -0,610599983 -1,498592161 1,000000006 -0,510599972 -1,198592128 0,899999995 -0,389399982 -1,123125136 0,899999995 -0,389399991 -1,123125137 0,899999993
0,218171490953172 -0,35038341447078 -0,910841733452672
-0,389399982 -1,123125136 0,899999995 -0,510599972 -1,198592128 0,899999995 -0,510599953 -1,198592126 0,899999999 -0,420599957 -0,908592137 0,810000002 -0,299399989 -0,833125158 0,810000002
0,200269033872204 -0,321632068398746 -0,925443205523407
-0,299399989 -0,833125158 0,810000002 -0,420599957 -0,908592137 0,810000002 -0,420599983 -0,908592141 0,809999998 -0,349801746 -0,660798312 0,739201761 -0,336184225 -0,625842581 0,72999999 -0,219399991 -0,553125126 0,72999999 -0,219399979 -0,553125123 0,729999992
0,180885340239506 -0,290501856424634 -0,939621820255511
-0,219399991 -0,553125126 0,72999999 -0,336184225 -0,625842581 0,72999999 -0,336184205 -0,625842577 0,729999993 -0,310205648 -0,554311607 0,712885938 -0,202285939 -0,487113781 0,712885938
0,179817798267853 -0,28878738401816 -0,940354936318223
-0,202285939 -0,487113781 0,712885938 -0,310205648 -0,554311607 0,712885938 -0,310205659 -0,554311654 0,71288595 -0,290570229 -0,50002925 0,699970323 -0,260027042 -0,433977921 0,685526222 -0,160691368 -0,372125073 0,685526222 -0,160691346 -0,372124985 0,685526199
0,178599453093148 -0,286830721667584 -0,941185620620333
-0,160691368 -0,372125073 0,685526222 -0,260027042 -0,433977921 0,685526222 -0,236652879 -0,383250579 0,67450231 -0,143902365 -0,32549808 0,67450231
0,177392028973498 -0,284891598531427 -0,942002571728376
-0,143902365 -0,32549808 0,67450231 -0,236652879 -0,383250579 0,67450231 -0,236652957 -0,383250809 0,674502365 -0,214844708 -0,335754745 0,664244834 -0,202880886 -0,31426962 0,66 -0,113069463 -0,25834719 0,66 -0,113069419 -0,258347178 0,660000005
0,156895955986531 -0,251974905314359 -0,9549305242199
-0,113069463 -0,25834719 0,66 -0,202880886 -0,31426962 0,66 -0,192505399 -0,294687875 0,656537721 -0,105326148 -0,240404406 0,656537721 -0,105326097 -0,240404243 0,656537686
0,155683083713517 -0,250027032443898 -0,955640759120679
-0,105326148 -0,240404406 0,656537721 -0,192505399 -0,294687875 0,656537721 -0,192505359 -0,294687777 0,656537701 -0,16822114 -0,248716605 0,648466265 -0,087214872 -0,198276837 0,648466265 -0,087214839 -0,198276731 0,648466243
0,154482694469286 -0,248099207317664 -0,956337743915744
-0,087214872 -0,198276837 0,648466265 -0,16822114 -0,248716605 0,648466265 -0,168221399 -0,248717237 0,648466387 -0,14565323 -0,205865575 0,640995102 -0,070395104 -0,159004973 0,640995102
0,153294638417963 -0,246191189299239 -0,957021761583159
-0,070395104 -0,159004973 0,640995102 -0,14565323 -0,205865575 0,640995102 -0,145653095 -0,205865245 0,640995039 -0,124678895 -0,165920642 0,634079024 -0,099805394 -0,125860721 0,627757929 -0,030250722 -0,082551461 0,627757929 -0,030250714 -0,08255144 0,627757925
0,151906932606984 -0,243962533766806 -0,957813429611434
-0,030250722 -0,082551461 0,627757929 -0,099805394 -0,125860721 0,627757929 -0,099805411 -0,125860755 0,627757935 -0,076856828 -0,088794476 0,621956456 -0,012573626 -0,048767575 0,621956456 -0,012573582 -0,048767466 0,621956435
0,150535791174312 -0,241760480625935 -0,958587943583186
-0,012573626 -0,048767575 0,621956456 -0,076856828 -0,088794476 0,621956456 -0,07685692 -0,088794657 0,621956487 -0,055618912 -0,054393196 0,616615471 0,003777101 -0,017409377 0,616615471 0,003777065 -0,017409466 0,616615488
0,149180983198614 -0,239584659016964 -0,959345727783066
0,003777101 -0,017409377 0,616615471 -0,055618912 -0,054393196 0,616615471 -0,05561887 -0,054393111 0,616615457 -0,036258689 -0,022944413 0,611772099 -0,022320946 -0,013969911 0,611698187 0,018901798 0,01169805 0,611698187
0,147842280791155 -0,237434702950585 -0,960087194917856
0,01897279 0,011813692 0,61168052 0,018901798 0,01169805 0,611698187 -0,022320946 -0,013969911 0,611698187 -0,018972723 -0,011813651 0,61168052
-0,147842280791155 0,237434702950585 -0,960087194917856
0,01897279 0,011813692 0,61168052 -0,018972723 -0,011813651 0,61168052 -0,018901915 -0,011698306 0,611698141 0,022312381 0,013964394 0,611698141
-0,149180983198614 0,239584659016964 -0,959345727783066
0,036258712 0,022944425 0,611772099 0,022312381 0,013964394 0,611698141 -0,018901915 -0,011698306 0,611698141 -0,003776997 0,017409545 0,616615497 -0,003777045 0,017409467 0,616615485 0,055619007 0,05439331 0,616615485
-0,150535791174312 0,241760480625935 -0,958587943583186
0,055618931 0,054393203 0,61661547 0,055619007 0,05439331 0,616615485 -0,003777045 0,017409467 0,616615485 0,012573746 0,048767769 0,621956486 0,012573718 0,048767724 0,621956479 0,076856909 0,088794617 0,621956479
-0,151906932606984 0,243962533766806 -0,957813429611434
0,076856939 0,088794659 0,621956485 0,076856909 0,088794617 0,621956479 0,012573718 0,048767724 0,621956479 0,030250682 0,082551381 0,627757915 0,03025072 0,082551442 0,627757925 0,099805365 0,125860685 0,627757925
-0,153294638417963 0,246191189299239 -0,957021761583159
0,124678895 0,165920642 0,634079024 0,099805417 0,125860759 0,627757935 0,099805365 0,125860685 0,627757925 0,03025072 0,082551442 0,627757925 0,070395041 0,159004844 0,640995079 0,145653217 0,205865476 0,640995079
-0,154482694469286 0,248099207317664 -0,956337743915744
0,145653212 0,205865468 0,640995078 0,145653217 0,205865476 0,640995079 0,070395041 0,159004844 0,640995079 0,087214942 0,198277018 0,648466301 0,087214939 0,198277012 0,6484663 0,168221191 0,24871677 0,6484663
-0,155683083713517 0,250027032443898 -0,955640759120679
0,168221379 0,248717072 0,648466348 0,168221191 0,24871677 0,6484663 0,087214939 0,198277012 0,6484663 0,105326194 0,240404562 0,656537754 0,105326201 0,240404576 0,656537756 0,192505513 0,294688083 0,656537756
-0,156895955986531 0,251974905314359 -0,9549305242199
0,192505249 0,29468766 0,656537688 0,192505513 0,294688083 0,656537756 0,105326201 0,240404576 0,656537756 0,11306941 0,258347158 0,66 0,113069365 0,258347118 0,659999997 0,202880823 0,31426957 0,659999997
-0,177392028973498 0,284891598531427 -0,942002571728376
0,214844747 0,335754826 0,664244852 0,202880876 0,314269614 0,66 0,202880823 0,31426957 0,659999997 0,113069365 0,258347118 0,659999997 0,143902254 0,325497894 0,674502275 0,236652768 0,383250394 0,674502275
-0,178599453093148 0,286830721667584 -0,941185620620333
0,236653021 0,383250846 0,674502365 0,236652768 0,383250394 0,674502275 0,143902254 0,325497894 0,674502275 0,160691136 0,372124551 0,685526107 0,160691379 0,372125079 0,685526222 0,260027068 0,433977936 0,685526222
-0,179817798267853 0,28878738401816 -0,940354936318223
0,290570255 0,500029265 0,699970323 0,260027068 0,433977936 0,685526222 0,160691379 0,372125079 0,685526222 0,202285853 0,487113549 0,712885884 0,310205584 0,554311389 0,712885884
-0,180885340239506 0,290501856424634 -0,939621820255511
0,310205724 0,554311692 0,71288595 0,310205584 0,554311389 0,712885884 0,202285853 0,487113549 0,712885884 0,219399961 0,553125107 0,729999991 0,219400009 0,553125154 0,729999996 0,336184268 0,625842625 0,729999996
-0,200269033872204 0,321632068398746 -0,925443205523407
0,349801764 0,66079837 0,739201777 0,336184221 0,625842584 0,729999992 0,336184268 0,625842625 0,729999996 0,219400009 0,553125154 0,729999996 0,299400013 0,833125168 0,81 0,299400016 0,833125171 0,810000001 0,420599987 0,908592151 0,810000001
-0,218171490953172 0,35038341447078 -0,910841733452672
0,420599983 0,908592148 0,81 0,420599987 0,908592151 0,810000001 0,299400016 0,833125171 0,810000001 0,389400022 1,12312519 0,900000006 0,389400004 1,123125171 0,900000004 0,510599986 1,198592159 0,900000004
-0,234685148618322 0,37690434868101 -0,896027897424706
0,510599954 1,198592127 0,899999999 0,510599986 1,198592159 0,900000004 0,389400004 1,123125171 0,900000004 0,4894 1,42312516 1 0,610599955 1,498592131 1
-0,250053015438249 0,401585142793812 -0,881023758225346
0,610599985 1,498592161 1,000000005 0,610599955 1,498592131 1 0,4894 1,42312516 1 0,589400011 1,704778235 1,100000011 0,589399994 1,704778215 1,100000008 0,710599988 1,780245211 1,100000008
-0,264203638843009 0,424311043981855 -0,866115797787537
0,71060002 1,780245243 1,100000014 0,710599988 1,780245211 1,100000008 0,589399994 1,704778215 1,100000008 0,689399974 1,971167513 1,199999987 0,689400006 1,971167549 1,199999995 0,810600002 2,046634545 1,199999995
-0,277235261739373 0,445239830353415 -0,851411829325364
0,810599988 2,046634531 1,199999992 0,810600002 2,046634545 1,199999995 0,689400006 1,971167549 1,199999995 0,789399995 2,224659462 1,299999984 0,789399988 2,224659455 1,299999982 0,910599978 2,300126447 1,299999982
-0,289241869445991 0,464522442330243 -0,836993453696584
0,910599984 2,300126453 1,299999984 0,910599978 2,300126447 1,299999982 0,789399988 2,224659455 1,299999982 0,8894 2,467109626 1,399999994 0,889399991 2,467109616 1,399999991 1,010599991 2,542576615 1,399999991
-0,300311977799542 0,482301036346045 -0,822920668308712
1,010599974 2,542576595 1,399999987 1,010599991 2,542576615 1,399999991 0,889399991 2,467109616 1,399999991 0,989399991 2,69999998 1,499999991 1,110599978 2,775466971 1,499999991
-0,29825246584227 0,509116959192732 -0,807369425035003
1,451999997 3,299999998 1,7 1,352 3,082835389 1,600000003 1,352000004 3,082835393 1,600000004 1,210599989 3 1,600000004 0,310599993 3,899999996 2,5 0,651999997 4,099999998 2,5
0,29825246584227 -0,509116959192732 -0,807369425035003
-0,31059999 -3,899999994 2,5 -0,651999997 -4,099999998 2,5 -1,451999997 -3,299999998 1,7 -1,351999995 -3,082835378 1,599999998 -1,210599992 -2,999999993 1,599999998
0,289417937446879 -0,4940364192218 -0,819856861876814
-1,210599992 -2,999999993 1,599999998 -1,351999995 -3,082835378 1,599999998 -1,351999989 -3,082835383 1,600000003 -1,251999971 -2,85830234 1,499999984 -1,110599975 -2,775466959 1,499999984 -1,110599977 -2,775466958 1,499999983
0,279868584139302 -0,477735673125767 -0,832731770881196
-1,110599975 -2,775466959 1,499999984 -1,251999971 -2,85830234 1,499999984 -1,251999963 -2,858302344 1,49999999 -1,151999969 -2,625411994 1,399999996 -1,010599987 -2,54257662 1,399999996
0,269534835282583 -0,460095963827348 -0,845968484424198
-1,010599987 -2,54257662 1,399999996 -1,151999969 -2,625411994 1,399999996 -1,151999973 -2,625411992 1,399999994 -1,051999962 -2,382961824 1,299999983 -0,910599984 -2,300126453 1,299999983 -0,910599977 -2,300126455 1,299999987
0,2583410772106 -0,440988218798474 -0,859528521171122
-0,910599984 -2,300126453 1,299999983 -1,051999962 -2,382961824 1,299999983 -1,051999977 -2,38296182 1,299999977 -0,951999992 -2,129469917 1,199999992 -0,810599978 -2,046634525 1,199999992 -0,810599988 -2,046634523 1,199999988
0,246205763338445 -0,420273238018707 -0,873357388188939
-0,810599978 -2,046634525 1,199999992 -0,951999992 -2,129469917 1,199999992 -0,852000017 -1,863080631 1,100000017 -0,710599961 -1,780245215 1,100000017 -0,710599992 -1,780245213 1,100000007
0,23304184955025 -0,397802437182259 -0,887380818662458
-0,710599961 -1,780245215 1,100000017 -0,852000017 -1,863080631 1,100000017 -0,852000012 -1,863080632 1,100000018 -0,752 -1,581427555 1,000000006 -0,610599983 -1,498592161 1,000000006 -0,610599957 -1,49859216 1,000000012
0,218757689767045 -0,373419376432329 -0,901500439529941
-0,610599983 -1,498592161 1,000000006 -0,752 -1,581427555 1,000000006 -0,651999993 -1,281427533 0,899999999 -0,510599953 -1,198592126 0,899999999 -0,510599972 -1,198592128 0,899999995
0,203418283242137 -0,347235009494313 -0,91545008068398
-0,510599953 -1,198592126 0,899999999 -0,651999993 -1,281427533 0,899999999 -0,651999998 -1,281427534 0,899999998 -0,561999998 -0,991427534 0,809999998 -0,420599983 -0,908592141 0,809999998 -0,420599957 -0,908592137 0,810000002
0,186795195212185 -0,318859398227186 -0,929212698582966
-0,420599983 -0,908592141 0,809999998 -0,561999998 -0,991427534 0,809999998 -0,51723838 -0,834761871 0,76523838 -0,478756192 -0,736342803 0,739201761 -0,349801746 -0,660798312 0,739201761
0,18582140718524 -0,317197142065191 -0,929976546853399
-0,349801746 -0,660798312 0,739201761 -0,478756192 -0,736342803 0,739201761 -0,478756153 -0,736342658 0,739201719 -0,465138698 -0,701387095 0,729999993 -0,336184205 -0,625842577 0,729999993 -0,336184225 -0,625842581 0,72999999
0,167927681206724 -0,286652551819865 -0,943202315741269
-0,336184205 -0,625842577 0,729999993 -0,465138698 -0,701387095 0,729999993 -0,465138706 -0,701387097 0,729999992 -0,455940321 -0,676059694 0,723940315 -0,432674489 -0,626056721 0,71288595 -0,310205659 -0,554311654 0,71288595 -0,310205648 -0,554311607 0,712885938
0,166942155371129 -0,284970259218504 -0,943886787766933
-0,310205659 -0,554311654 0,71288595 -0,432674489 -0,626056721 0,71288595 -0,43267449 -0,626056725 0,712885951 -0,405427443 -0,567315257 0,699970323 -0,290570229 -0,50002925 0,699970323
0,165964392421305 -0,283301217863155 -0,944561401077495
-0,290570229 -0,50002925 0,699970323 -0,405427443 -0,567315257 0,699970323 -0,405427463 -0,567315317 0,699970337 -0,379896554 -0,512103316 0,68789658 -0,373281613 -0,500325063 0,685526222 -0,260027042 -0,433977921 0,685526222
0,164847004539057 -0,281393836748158 -0,945326913683648
-0,260027042 -0,433977921 0,685526222 -0,373281613 -0,500325063 0,685526222 -0,34241582 -0,445209135 0,674502365 -0,236652957 -0,383250809 0,674502365 -0,236652879 -0,383250579 0,67450231
0,163739617218189 -0,279503526591437 -0,946079867863274
-0,236652957 -0,383250809 0,674502365 -0,34241582 -0,445209135 0,674502365 -0,342415846 -0,445209193 0,674502378 -0,313600782 -0,393608332 0,664244834 -0,214844708 -0,335754745 0,664244834
0,162642129781664 -0,277630115537288 -0,946820498598777
-0,214844708 -0,335754745 0,664244834 -0,313600782 -0,393608332 0,664244834 -0,313600789 -0,393608348 0,664244838 -0,301636957 -0,372123206 0,66 -0,202880886 -0,31426962 0,66
0,143981364642701 -0,24577618944508 -0,958573644190931
-0,202880886 -0,31426962 0,66 -0,301636957 -0,372123206 0,66 -0,291261413 -0,352541353 0,656537701 -0,192505359 -0,294687777 0,656537701 -0,192505399 -0,294687875 0,656537721
0,142876728532468 -0,243890575604912 -0,95922032274914
-0,192505359 -0,294687777 0,656537701 -0,291261413 -0,352541353 0,656537701 -0,291261387 -0,352541286 0,656537688 -0,287181728 -0,3448183 0,655181717 -0,26110524 -0,303130734 0,648466387 -0,168221399 -0,248717237 0,648466387 -0,16822114 -0,248716605 0,648466265
0,141783407687338 -0,242024276922275 -0,959855048788522
-0,168221399 -0,248717237 0,648466387 -0,26110524 -0,303130734 0,648466387 -0,26110537 -0,303130991 0,648466432 -0,231964377 -0,256428386 0,640995039 -0,145653095 -0,205865245 0,640995039 -0,14565323 -0,205865575 0,640995102
0,140701265324584 -0,240177059909053 -0,960478075663107
-0,145653095 -0,205865245 0,640995039 -0,231964377 -0,256428386 0,640995039 -0,231964249 -0,256428133 0,640994994 -0,204870018 -0,212898453 0,634079024 -0,124678895 -0,165920642 0,634079024
0,139630166264628 -0,238348693813709 -0,961089650774688
-0,124678895 -0,165920642 0,634079024 -0,204870018 -0,212898453 0,634079024 -0,204870016 -0,21289845 0,634079023 -0,179996541 -0,17283857 0,627757935 -0,099805411 -0,125860755 0,627757935 -0,099805394 -0,125860721 0,627757929
0,138377062402478 -0,236209645521019 -0,961798727366436
-0,099805411 -0,125860755 0,627757935 -0,179996541 -0,17283857 0,627757935 -0,179677137 -0,172322672 0,627677189 -0,151069922 -0,132270347 0,621956487 -0,07685692 -0,088794657 0,621956487 -0,076856828 -0,088794476 0,621956456
0,137138830535321 -0,234095983723782 -0,962492603381345
-0,07685692 -0,088794657 0,621956487 -0,151069922 -0,132270347 0,621956487 -0,151069891 -0,132270295 0,621956479 -0,124211271 -0,094576123 0,616615457 -0,05561887 -0,054393111 0,616615457 -0,055618912 -0,054393196 0,616615471
0,135915261850342 -0,232007351978523 -0,963171651484857
-0,05561887 -0,054393111 0,616615457 -0,124211271 -0,094576123 0,616615457 -0,124211225 -0,094576045 0,616615444 -0,1041994 -0,066424189 0,61265818 -0,068898529 -0,043392887 0,612091817 -0,036258689 -0,022944413 0,611772099
-0,135915261850342 0,232007351978523 -0,963171651484857
0,104199333 0,066424144 0,612658179 0,068898513 0,043392876 0,612091817 0,036258712 0,022944425 0,611772099 0,055619007 0,05439331 0,616615485 0,055618931 0,054393203 0,61661547 0,124211295 0,094576193 0,61661547
-0,137138830535321 0,234095983723782 -0,962492603381345
0,124211286 0,094576181 0,616615469 0,124211295 0,094576193 0,61661547 0,055618931 0,054393203 0,61661547 0,076856909 0,088794617 0,621956479 0,076856939 0,088794659 0,621956485 0,151069873 0,132270309 0,621956485
-0,138377062402478 0,236209645521019 -0,961798727366436
0,179677305 0,172322943 0,627677231 0,151069837 0,132270263 0,621956479 0,151069873 0,132270309 0,621956485 0,076856939 0,088794659 0,621956485 0,099805365 0,125860685 0,627757925 0,099805417 0,125860759 0,627757935 0,179996541 0,17283857 0,627757935
-0,139630166264628 0,238348693813709 -0,961089650774688
0,179996541 0,17283857 0,627757935 0,099805417 0,125860759 0,627757935 0,124678895 0,165920642 0,634079024 0,204870018 0,212898453 0,634079024
-0,140701265324584 0,240177059909053 -0,960478075663107
0,204870016 0,212898449 0,634079023 0,204870018 0,212898453 0,634079024 0,124678895 0,165920642 0,634079024 0,145653217 0,205865476 0,640995079 0,145653212 0,205865468 0,640995078 0,231964575 0,256428657 0,640995078
-0,141783407687338 0,242024276922275 -0,959855048788522
0,231964165 0,256428087 0,640994994 0,231964575 0,256428657 0,640995078 0,145653212 0,205865468 0,640995078 0,168221191 0,24871677 0,6484663 0,168221379 0,248717072 0,648466348 0,261105002 0,303130442 0,648466348
-0,142876728532468 0,243890575604912 -0,95922032274914
0,287181728 0,3448183 0,655181717 0,261105416 0,303131016 0,648466432 0,261105002 0,303130442 0,648466348 0,168221379 0,248717072 0,648466348 0,192505513 0,294688083 0,656537756 0,192505249 0,29468766 0,656537688 0,291261386 0,352541285 0,656537688
-0,143981364642701 0,24577618944508 -0,958573644190931
0,291261387 0,352541286 0,656537688 0,291261386 0,352541285 0,656537688 0,192505249 0,29468766 0,656537688 0,202880823 0,31426957 0,659999997 0,202880876 0,314269614 0,66 0,30163697 0,372123213 0,66
-0,162642129781664 0,277630115537288 -0,946820498598777
0,30163697 0,372123213 0,66 0,202880876 0,314269614 0,66 0,214844747 0,335754826 0,664244852 0,313600841 0,393608425 0,664244852
-0,163739617218189 0,279503526591437 -0,946079867863274
0,313600791 0,39360835 0,664244838 0,313600841 0,393608425 0,664244852 0,214844747 0,335754826 0,664244852 0,236652768 0,383250394 0,674502275 0,236653021 0,383250846 0,674502365 0,34241581 0,445209129 0,674502365
-0,164847004539057 0,281393836748158 -0,945326913683648
0,342415856 0,445209199 0,674502378 0,34241581 0,445209129 0,674502365 0,236653021 0,383250846 0,674502365 0,260027068 0,433977936 0,685526222 0,373281613 0,500325063 0,685526222
-0,165964392421305 0,283301217863155 -0,944561401077495
0,379896554 0,512103316 0,68789658 0,373281613 0,500325063 0,685526222 0,260027068 0,433977936 0,685526222 0,290570255 0,500029265 0,699970323 0,405427433 0,567315251 0,699970323
-0,166942155371129 0,284970259218504 -0,943886787766933
0,405427473 0,567315322 0,699970337 0,405427433 0,567315251 0,699970323 0,290570255 0,500029265 0,699970323 0,310205584 0,554311389 0,712885884 0,310205724 0,554311692 0,71288595 0,432674488 0,62605672 0,71288595
-0,167927681206724 0,286652551819865 -0,943202315741269
0,455940321 0,676059694 0,723940315 0,432674491 0,626056725 0,712885951 0,432674488 0,62605672 0,71288595 0,310205724 0,554311692 0,71288595 0,336184268 0,625842625 0,729999996 0,336184221 0,625842584 0,729999992 0,465138706 0,701387097 0,729999992
-0,18582140718524 0,317197142065191 -0,929976546853399
0,465138705 0,701387097 0,729999992 0,465138706 0,701387097 0,729999992 0,336184221 0,625842584 0,729999992 0,349801764 0,66079837 0,739201777 0,478756248 0,736342884 0,739201777
-0,186795195212185 0,318859398227186 -0,929212698582966
0,51723838 0,834761871 0,76523838 0,478756131 0,736342646 0,739201719 0,478756248 0,736342884 0,739201777 0,349801764 0,66079837 0,739201777 0,420599987 0,908592151 0,810000001 0,420599983 0,908592148 0,81 0,562 0,991427542 0,81
-0,203418283242137 0,347235009494313 -0,91545008068398
0,56199998 0,991427524 0,809999998 0,562 0,991427542 0,81 0,420599983 0,908592148 0,81 0,510599986 1,198592159 0,900000004 0,510599954 1,198592127 0,899999999 0,65199998 1,281427527 0,899999999
-0,218757689767045 0,373419376432329 -0,901500439529941
0,651999973 1,28142752 0,899999998 0,65199998 1,281427527 0,899999999 0,510599954 1,198592127 0,899999999 0,610599955 1,498592131 1 0,610599985 1,498592161 1,000000005 0,751999981 1,581427542 1,000000005
-0,23304184955025 0,397802437182259 -0,887380818662458
0,751999986 1,581427547 1,000000006 0,751999981 1,581427542 1,000000005 0,610599985 1,498592161 1,000000005 0,710599988 1,780245211 1,100000008 0,71060002 1,780245243 1,100000014 0,851999994 1,863080612 1,100000014
-0,246205763338445 0,420273238018707 -0,873357388188939
0,852000018 1,863080635 1,100000018 0,851999994 1,863080612 1,100000014 0,71060002 1,780245243 1,100000014 0,810600002 2,046634545 1,199999995 0,810599988 2,046634531 1,199999992 0,951999992 2,129469917 1,199999992
-0,2583410772106 0,440988218798474 -0,859528521171122
0,951999992 2,129469917 1,199999992 0,810599988 2,046634531 1,199999992 0,910599978 2,300126447 1,299999982 0,910599984 2,300126453 1,299999984 1,051999984 2,382961837 1,299999984
-0,269534835282583 0,460095963827348 -0,845968484424198
1,051999954 2,382961807 1,299999977 1,051999984 2,382961837 1,299999984 0,910599984 2,300126453 1,299999984 1,010599991 2,542576615 1,399999991 1,010599974 2,542576595 1,399999987 1,151999964 2,625411973 1,399999987
-0,279868584139302 0,477735673125767 -0,832731770881196
1,151999994 2,625412004 1,399999994 1,151999964 2,625411973 1,399999987 1,010599974 2,542576595 1,399999987 1,110599978 2,775466971 1,499999991 1,110599974 2,775466966 1,49999999 1,25199999 2,858302359 1,49999999
-0,289417937446879 0,4940364192218 -0,819856861876814
1,25199999 2,858302359 1,49999999 1,110599974 2,775466966 1,49999999 1,210599989 3 1,600000004 1,352000004 3,082835393 1,600000004
-0,286843652347852 0,518613323444891 -0,805456975792742
1,7136 3,6 1,8 1,6136 3,389380531 1,7 1,451999997 3,299999998 1,7 0,651999997 4,099999998 2,5 1,0136 4,3 2,5
0,286843652347852 -0,518613323444891 -0,805456975792742
-0,651999997 -4,099999998 2,5 -1,0136 -4,3 2,5 -1,7136 -3,6 1,8 -1,6136 -3,389380531 1,7 -1,451999997 -3,299999998 1,7
0,279156415957411 -0,504714800050974 -0,816905542911369
-1,451999997 -3,299999998 1,7 -1,6136 -3,389380531 1,7 -1,513600003 -3,172215921 1,600000003 -1,351999989 -3,082835383 1,600000003 -1,351999995 -3,082835378 1,599999998
0,270866963711978 -0,489727470391233 -0,828732823480317
-1,351999989 -3,082835383 1,600000003 -1,513600003 -3,172215921 1,600000003 -1,41359999 -2,94768289 1,49999999 -1,251999963 -2,858302344 1,49999999 -1,251999971 -2,85830234 1,499999984
0,261916663181943 -0,47354532703293 -0,840924779509388
-1,251999963 -2,858302344 1,49999999 -1,41359999 -2,94768289 1,49999999 -1,313599994 -2,714792535 1,399999994 -1,151999973 -2,625411992 1,399999994 -1,151999969 -2,625411994 1,399999996
0,25224129498433 -0,456052261331646 -0,853458062261363
-1,151999973 -2,625411992 1,399999994 -1,313599994 -2,714792535 1,399999994 -1,213599977 -2,472342351 1,299999977 -1,051999977 -2,38296182 1,299999977 -1,051999962 -2,382961824 1,299999983
0,241770879832462 -0,43712175073707 -0,866297533586236
-1,051999977 -2,38296182 1,299999977 -1,213599977 -2,472342351 1,299999977 -1,113599992 -2,218850448 1,199999992 -0,951999992 -2,129469917 1,199999992
0,230429682711517 -0,416616866342402 -0,879393284034229
-0,951999992 -2,129469917 1,199999992 -1,113599992 -2,218850448 1,199999992 -1,013600018 -1,952461166 1,100000018 -0,852000012 -1,863080632 1,100000018 -0,852000017 -1,863080631 1,100000017
0,218136483454347 -0,394390762085439 -0,892677098041525
-0,852000012 -1,863080632 1,100000018 -1,013600018 -1,952461166 1,100000018 -0,913600006 -1,670808089 1,000000006 -0,752 -1,581427555 1,000000006
0,204805231084717 -0,37028785780115 -0,906058342318733
-0,752 -1,581427555 1,000000006 -0,913600006 -1,670808089 1,000000006 -0,813599998 -1,370808065 0,899999998 -0,651999998 -1,281427534 0,899999998 -0,651999993 -1,281427533 0,899999999
0,19049521447524 -0,344415347771218 -0,919287572787571
-0,651999998 -1,281427534 0,899999998 -0,813599998 -1,370808065 0,899999998 -0,723599998 -1,080808065 0,809999998 -0,561999998 -0,991427534 0,809999998
0,174990925205932 -0,316383592772309 -0,932351649497151
-0,561999998 -0,991427534 0,809999998 -0,723599998 -1,080808065 0,809999998 -0,703420417 -1,010179531 0,789820417 -0,66712881 -0,91766587 0,76523838 -0,51723838 -0,834761871 0,76523838
0,174186883288586 -0,314929884985748 -0,932994157126974
-0,51723838 -0,834761871 0,76523838 -0,66712881 -0,91766587 0,76523838 -0,641494493 -0,852105523 0,747894487 -0,623974585 -0,816662587 0,739201719 -0,478756153 -0,736342658 0,739201719 -0,478756192 -0,736342803 0,739201761
0,173283235172301 -0,313296089191505 -0,933712204539241
-0,478756153 -0,736342658 0,739201719 -0,623974585 -0,816662587 0,739201719 -0,605392179 -0,778960921 0,729999992 -0,465138706 -0,701387097 0,729999992 -0,465138698 -0,701387095 0,729999993
0,156677597042923 -0,283273095453592 -0,946154577210825
-0,465138706 -0,701387097 0,729999992 -0,605392179 -0,778960921 0,729999992 -0,592664699 -0,751681585 0,723940315 -0,455940321 -0,676059694 0,723940315
0,155875206640188 -0,281822373605446 -0,946720164404599
-0,455940321 -0,676059694 0,723940315 -0,592664699 -0,751681585 0,723940315 -0,569398869 -0,701678616 0,712885951 -0,43267449 -0,626056725 0,712885951 -0,432674489 -0,626056721 0,71288595
0,154965773824964 -0,280178119075521 -0,947357287687245
-0,43267449 -0,626056725 0,712885951 -0,569398869 -0,701678616 0,712885951 -0,563860799 -0,689739182 0,710260799 -0,535306818 -0,639151243 0,699970337 -0,405427463 -0,567315317 0,699970337 -0,405427443 -0,567315257 0,699970323
0,154063489189359 -0,278546788454348 -0,947985299432733
-0,405427463 -0,567315317 0,699970337 -0,535306818 -0,639151243 0,699970337 -0,501708757 -0,579477322 0,68789658 -0,379896554 -0,512103316 0,68789658
0,153168288593172 -0,276928265776442 -0,94860434902202
-0,379896554 -0,512103316 0,68789658 -0,501708757 -0,579477322 0,68789658 -0,495093815 -0,567699069 0,685526222 -0,373281613 -0,500325063 0,685526222
0,152143867636281 -0,275076112686382 -0,949307840360556
-0,373281613 -0,500325063 0,685526222 -0,495093815 -0,567699069 0,685526222 -0,470254905 -0,523345126 0,676654893 -0,462569727 -0,511665986 0,674502378 -0,342415846 -0,445209193 0,674502378 -0,34241582 -0,445209135 0,674502365
0,151128593338093 -0,273240496755259 -0,949999883793987
-0,342415846 -0,445209193 0,674502378 -0,462569727 -0,511665986 0,674502378 -0,425811494 -0,455671791 0,664244838 -0,313600789 -0,393608348 0,664244838 -0,313600782 -0,393608332 0,664244834
0,150122372362541 -0,271421249231461 -0,950680692336747
-0,313600789 -0,393608348 0,664244838 -0,425811494 -0,455671791 0,664244838 -0,410543698 -0,432359235 0,66 -0,301636957 -0,372123206 0,66
0,133008394586134 -0,240479177411718 -0,961498066665244
-0,301636957 -0,372123206 0,66 -0,410543698 -0,432359235 0,66 -0,397209025 -0,411140644 0,656537688 -0,291261387 -0,352541286 0,656537688 -0,291261413 -0,352541353 0,656537701
0,131994935976322 -0,238646844245178 -0,962094080954885
-0,291261387 -0,352541286 0,656537688 -0,397209025 -0,411140644 0,656537688 -0,391963546 -0,402772845 0,655181717 -0,287181728 -0,3448183 0,655181717
0,131133084896328 -0,237088617492549 -0,962597060820904
-0,287181728 -0,3448183 0,655181717 -0,391963546 -0,402772845 0,655181717 -0,365887234 -0,361085561 0,648466432 -0,26110537 -0,303130991 0,648466432 -0,26110524 -0,303130734 0,648466387
0,13013741643748 -0,235288448918953 -0,963173711564166
-0,26110537 -0,303130991 0,648466432 -0,365887234 -0,361085561 0,648466432 -0,360748905 -0,352850654 0,647149028 -0,330578133 -0,31097121 0,640994994 -0,231964249 -0,256428133 0,640994994 -0,231964377 -0,256428386 0,640995039
0,129151871257623 -0,23350658323377 -0,963739835088882
-0,231964249 -0,256428133 0,640994994 -0,330578133 -0,31097121 0,640994994 -0,296510983 -0,263584825 0,634079023 -0,204870016 -0,21289845 0,634079023 -0,204870018 -0,212898453 0,634079024
0,128176326399384 -0,231742798130075 -0,964295652207145
-0,204870016 -0,21289845 0,634079023 -0,296510983 -0,263584825 0,634079023 -0,265226439 -0,219979 0,627757935 -0,179996541 -0,17283857 0,627757935
0,127034939307597 -0,229679170268125 -0,964940206924792
-0,179996541 -0,17283857 0,627757935 -0,265226439 -0,219979 0,627757935 -0,264824563 -0,219417487 0,627677189 -0,179677137 -0,172322672 0,627677189
0,126079080817699 -0,227950978118388 -0,965475228555883
-0,179677137 -0,172322672 0,627677189 -0,264824563 -0,219417487 0,627677189 -0,236217307 -0,179365104 0,621956479 -0,151069891 -0,132270295 0,621956479 -0,151069922 -0,132270347 0,621956487
0,124960841856978 -0,225929202077404 -0,966095638977355
-0,151069891 -0,132270295 0,621956479 -0,236217307 -0,179365104 0,621956479 -0,235392715 -0,178207849 0,621792503 -0,203115329 -0,138217695 0,616615444 -0,124211225 -0,094576045 0,616615444 -0,124211271 -0,094576123 0,616615457
0,123855755436634 -0,223931205829422 -0,966702936222396
-0,124211225 -0,094576045 0,616615444 -0,203115329 -0,138217695 0,616615444 -0,197827687 -0,131653323 0,615772308 -0,197827664 -0,131653305 0,615772306 -0,178513732 -0,117145853 0,614886274 -0,147359112 -0,095117472 0,613775113 -0,111225483 -0,070910293 0,612797165 -0,1041994 -0,066424189 0,61265818
-0,123855755436634 0,223931205829422 -0,966702936222396
0,197827689 0,131653324 0,615772308 0,197827667 0,131653307 0,615772307 0,178513715 0,117145839 0,614886274 0,147359115 0,095117472 0,613775113 0,111225467 0,07091028 0,612797165 0,104199333 0,066424144 0,612658179 0,124211295 0,094576193 0,61661547 0,124211286 0,094576181 0,616615469 0,203115481 0,138217882 0,616615469
-0,124960841856978 0,225929202077404 -0,966095638977355
0,235392471 0,178207545 0,621792464 0,203115481 0,138217882 0,616615469 0,124211286 0,094576181 0,616615469 0,151069873 0,132270309 0,621956485 0,151069837 0,132270263 0,621956479 0,236217259 0,179365077 0,621956479
-0,126079080817699 0,227950978118388 -0,965475228555883
0,236217259 0,179365077 0,621956479 0,151069837 0,132270263 0,621956479 0,179677305 0,172322943 0,627677231 0,264824727 0,219417757 0,627677231
-0,127034939307597 0,229679170268125 -0,964940206924792
0,264824727 0,219417757 0,627677231 0,179677305 0,172322943 0,627677231 0,179996541 0,17283857 0,627757935 0,265226392 0,219978974 0,627757935
-0,128176326399384 0,231742798130075 -0,964295652207145
0,265226392 0,219978974 0,627757935 0,179996541 0,17283857 0,627757935 0,204870018 0,212898453 0,634079024 0,204870016 0,212898449 0,634079023 0,296510937 0,2635848 0,634079023
-0,129151871257623 0,23350658323377 -0,963739835088882
0,296510937 0,2635848 0,634079023 0,204870016 0,212898449 0,634079023 0,231964575 0,256428657 0,640995078 0,231964165 0,256428087 0,640994994 0,330578086 0,310971185 0,640994994
-0,13013741643748 0,235288448918953 -0,963173711564166
0,360749085 0,352850943 0,647149074 0,330578086 0,310971185 0,640994994 0,231964165 0,256428087 0,640994994 0,261105002 0,303130442 0,648466348 0,261105416 0,303131016 0,648466432 0,365887234 0,361085561 0,648466432
-0,131133084896328 0,237088617492549 -0,962597060820904
0,365887234 0,361085561 0,648466432 0,261105416 0,303131016 0,648466432 0,287181728 0,3448183 0,655181717 0,391963546 0,402772845 0,655181717
-0,131994935976322 0,238646844245178 -0,962094080954885
0,391963546 0,402772845 0,655181717 0,287181728 0,3448183 0,655181717 0,291261386 0,352541285 0,656537688 0,291261387 0,352541286 0,656537688 0,397209025 0,411140644 0,656537688
-0,133008394586134 0,240479177411718 -0,961498066665244
0,397209025 0,411140644 0,656537688 0,291261387 0,352541286 0,656537688 0,30163697 0,372123213 0,66 0,410543698 0,432359235 0,66
-0,150122372362541 0,271421249231461 -0,950680692336747
0,410543698 0,432359235 0,66 0,30163697 0,372123213 0,66 0,313600841 0,393608425 0,664244852 0,313600791 0,39360835 0,664244838 0,425811494 0,455671791 0,664244838
-0,151128593338093 0,273240496755259 -0,949999883793987
0,425811494 0,455671791 0,664244838 0,313600791 0,39360835 0,664244838 0,34241581 0,445209129 0,674502365 0,342415856 0,445209199 0,674502378 0,462569727 0,511665986 0,674502378
-0,152143867636281 0,275076112686382 -0,949307840360556
0,470254905 0,523345126 0,676654893 0,462569727 0,511665986 0,674502378 0,342415856 0,445209199 0,674502378 0,373281613 0,500325063 0,685526222 0,495093815 0,567699069 0,685526222
-0,153168288593172 0,276928265776442 -0,94860434902202
0,495093815 0,567699069 0,685526222 0,373281613 0,500325063 0,685526222 0,379896554 0,512103316 0,68789658 0,501708757 0,579477322 0,68789658
-0,154063489189359 0,278546788454348 -0,947985299432733
0,501708757 0,579477322 0,68789658 0,379896554 0,512103316 0,68789658 0,405427433 0,567315251 0,699970323 0,405427473 0,567315322 0,699970337 0,535306818 0,639151243 0,699970337
-0,154965773824964 0,280178119075521 -0,947357287687245
0,563860799 0,689739182 0,710260799 0,535306818 0,639151243 0,699970337 0,405427473 0,567315322 0,699970337 0,432674488 0,62605672 0,71288595 0,432674491 0,626056725 0,712885951 0,569398869 0,701678616 0,712885951
-0,155875206640188 0,281822373605446 -0,946720164404599
0,569398869 0,701678616 0,712885951 0,432674491 0,626056725 0,712885951 0,455940321 0,676059694 0,723940315 0,592664699 0,751681585 0,723940315
-0,156677597042923 0,283273095453592 -0,946154577210825
0,592664699 0,751681585 0,723940315 0,455940321 0,676059694 0,723940315 0,465138706 0,701387097 0,729999992 0,465138705 0,701387097 0,729999992 0,605392179 0,778960921 0,729999992
-0,173283235172301 0,313296089191505 -0,933712204539241
0,605392179 0,778960921 0,729999992 0,465138705 0,701387097 0,729999992 0,478756248 0,736342884 0,739201777 0,478756131 0,736342646 0,739201719 0,623974585 0,816662587 0,739201719
-0,174186883288586 0,314929884985748 -0,932994157126974
0,641494493 0,852105523 0,747894487 0,623974585 0,816662587 0,739201719 0,478756131 0,736342646 0,739201719 0,51723838 0,834761871 0,76523838 0,66712881 0,91766587 0,76523838
-0,174990925205932 0,316383592772309 -0,932351649497151
0,703420417 1,010179531 0,789820417 0,66712881 0,91766587 0,76523838 0,51723838 0,834761871 0,76523838 0,562 0,991427542 0,81 0,56199998 0,991427524 0,809999998 0,723599998 1,080808065 0,809999998
-0,19049521447524 0,344415347771218 -0,919287572787571
0,723599998 1,080808065 0,809999998 0,56199998 0,991427524 0,809999998 0,65199998 1,281427527 0,899999999 0,651999973 1,28142752 0,899999998 0,813599998 1,370808065 0,899999998
-0,204805231084717 0,37028785780115 -0,906058342318733
0,813599998 1,370808065 0,899999998 0,651999973 1,28142752 0,899999998 0,751999981 1,581427542 1,000000005 0,751999986 1,581427547 1,000000006 0,913600006 1,670808089 1,000000006
-0,218136483454347 0,394390762085439 -0,892677098041525
0,913600006 1,670808089 1,000000006 0,751999986 1,581427547 1,000000006 0,851999994 1,863080612 1,100000014 0,852000018 1,863080635 1,100000018 1,013600018 1,952461166 1,100000018
-0,230429682711517 0,416616866342402 -0,879393284034229
1,013600018 1,952461166 1,100000018 0,852000018 1,863080635 1,100000018 0,951999992 2,129469917 1,199999992 1,113599992 2,218850448 1,199999992
-0,241770879832462 0,43712175073707 -0,866297533586236
1,113599992 2,218850448 1,199999992 0,951999992 2,129469917 1,199999992 1,051999984 2,382961837 1,299999984 1,051999954 2,382961807 1,299999977 1,213599977 2,472342351 1,299999977
-0,25224129498433 0,456052261331646 -0,853458062261363
1,213599977 2,472342351 1,299999977 1,051999954 2,382961807 1,299999977 1,151999964 2,625411973 1,399999987 1,151999994 2,625412004 1,399999994 1,313599994 2,714792535 1,399999994
-0,261916663181943 0,47354532703293 -0,840924779509388
1,313599994 2,714792535 1,399999994 1,151999994 2,625412004 1,399999994 1,25199999 2,858302359 1,49999999 1,41359999 2,94768289 1,49999999
-0,270866963711978 0,489727470391233 -0,828732823480317
1,41359999 2,94768289 1,49999999 1,25199999 2,858302359 1,49999999 1,352000004 3,082835393 1,600000004 1,352 3,082835389 1,600000003 1,513600003 3,172215921 1,600000003
-0,279156415957411 0,504714800050974 -0,816905542911369
1,513600003 3,172215921 1,600000003 1,352 3,082835389 1,600000003 1,451999997 3,299999998 1,7 1,6136 3,389380531 1,7
