0 0,707106781186547 -0,707106781186547
-1,34 3,3 2,5 2,06 3,3 2,5 0,36 1,6 0,8
-0,707106781186547 0 -0,707106781186547
-0,15 -0,79 0,59 -0,21 -1,05 0,65 -0,28 -1,32 0,72 -0,36 -1,6 0,8 -2,06 -3,3 2,5 -2,06 1,700000026 2,5 -0,059999997 -0,299999977 0,499999997 -0,059999999 -0,299999995 0,499999999 -0,099999999 -0,539999995 0,539999999
0 0 1
-2,06 -3,3 2,5 1,34 -3,3 2,5 1,5 -3,1 2,5 1,64 -2,9 2,5 1,76 -2,7 2,5 1,860000002 -2,499999996 2,5 1,940000002 -2,299999996 2,5 2 -2,100000002 2,5 2,040000005 -1,89999998 2,5 2,06 -1,700000026 2,5 2,06 3,3 2,5 -1,34 3,3 2,5 -1,5 3,1 2,5 -1,64 2,9 2,5 -1,76 2,7 2,5 -1,860000002 2,499999996 2,5 -1,940000002 2,299999996 2,5 -2 2,100000002 2,5 -2,040000005 1,89999998 2,5 -2,06 1,700000026 2,5
0,707106781186547 0 -0,707106781186547
2,06 -1,700000026 2,5 0,059999997 0,299999977 0,499999997 0,059999999 0,299999995 0,499999999 0,099999999 0,539999995 0,539999999 0,15 0,79 0,59 0,21 1,05 0,65 0,28 1,32 0,72 0,36 1,6 0,8 2,06 3,3 2,5
0 -0,707106781186547 -0,707106781186547
1,34 -3,3 2,5 -2,06 -3,3 2,5 -0,36 -1,6 0,8
-0,671156055214024 0,0671156055214025 -0,738271660735427
-0,024615389 -0,115384635 0,484615385 -0,059999997 -0,299999977 0,499999997 -2,06 1,700000026 2,5 -2,040000005 1,89999998 2,5
0,671156055214024 -0,0671156055214025 -0,738271660735427
0,059999997 0,299999977 0,499999997 2,06 -1,700000026 2,5 2,040000005 -1,89999998 2,5 0,024615389 0,115384635 0,484615385
-0,635000635000952 0,127000127000191 -0,762000762001143
0,016666667 0,083333335 0,483333333 -0,016666667 -0,083333335 0,483333333 -0,024615389 -0,115384635 0,484615385 -2,040000005 1,89999998 2,5 -2 2,100000002 2,5
0,635000635000952 -0,127000127000191 -0,762000762001143
0,016666667 0,083333335 0,483333333 0,024615389 0,115384635 0,484615385 2,040000005 -1,89999998 2,5 2 -2,100000002 2,5 -0,016666667 -0,083333335 0,483333333
-0,599760143904067 0,17992804317122 -0,779688187075287
0,059999999 0,299999995 0,499999999 0,059999997 0,299999977 0,499999997 0,024615389 0,115384635 0,484615385 0,016666667 0,083333335 0,483333333 -2 2,100000002 2,5 -1,940000002 2,299999996 2,5
0,599760143904067 -0,17992804317122 -0,779688187075287
-0,059999997 -0,299999977 0,499999997 -0,024615389 -0,115384635 0,484615385 -0,016666667 -0,083333335 0,483333333 2 -2,100000002 2,5 1,940000002 -2,299999996 2,5 -0,059999999 -0,299999995 0,499999999
-0,566138517072298 0,226455406828919 -0,792593923901217
0,099999999 0,539999995 0,539999999 0,059999999 0,299999995 0,499999999 -1,940000002 2,299999996 2,5 -1,860000002 2,499999996 2,5
0,566138517072298 -0,226455406828919 -0,792593923901217
1,940000002 -2,299999996 2,5 1,860000002 -2,499999996 2,5 -0,099999999 -0,539999995 0,539999999 -0,059999999 -0,299999995 0,499999999
-0,534522483824849 0,267261241912425 -0,801783725737273
0,15 0,79 0,59 0,099999999 0,539999995 0,539999999 -1,860000002 2,499999996 2,5 -1,76 2,7 2,5
0,534522483824849 -0,267261241912425 -0,801783725737273
1,860000002 -2,499999996 2,5 1,76 -2,7 2,5 -0,15 -0,79 0,59 -0,099999999 -0,539999995 0,539999999
-0,505076272276105 0,303045763365663 -0,808122035641769
0,21 1,05 0,65 0,15 0,79 0,59 -1,76 2,7 2,5 -1,64 2,9 2,5
0,505076272276105 -0,303045763365663 -0,808122035641769
1,76 -2,7 2,5 1,64 -2,9 2,5 -0,21 -1,05 0,65 -0,15 -0,79 0,59
-0,477818482567496 0,334472937797248 -0,812291420364744
0,28 1,32 0,72 0,21 1,05 0,65 -1,64 2,9 2,5 -1,5 3,1 2,5
0,477818482567496 -0,334472937797248 -0,812291420364744
1,64 -2,9 2,5 1,5 -3,1 2,5 -0,28 -1,32 0,72 -0,21 -1,05 0,65
-0,452678730212593 0,362142984170074 -0,814821714382667
0,36 1,6 0,8 0,28 1,32 0,72 -1,5 3,1 2,5 -1,34 3,3 2,5
0,452678730212593 -0,362142984170074 -0,814821714382667
1,5 -3,1 2,5 1,34 -3,3 2,5 -0,36 -1,6 0,8 -0,28 -1,32 0,72
